0,0,0,0,0,0,0,0,0,0,0,0,0,0,0,0,0,0,0,0,0,0,0,0,0,0,0,0,0,0,0,0,0,0,0,0,0,0,0,0,0,0,0,0,0,0,0,0,0,0
0,8.81143407201485e-55,3.93339791725609e-54,5.81313833195708e-54,2.84429684063137e-54,4.60745038186044e-55,2.470972442209e-56,4.38729284419506e-58,2.57897322051535e-60,5.01901539966859e-63,3.23378923360726e-66,6.89805067156227e-70,4.87149984402119e-74,1.15969530906919e-78,2.38862999413167e-80,2.6896580409688e-80,2.95932374386245e-80,3.18034903006593e-80,3.3384431526649e-80,3.42294626243728e-80,3.42801782633342e-80,3.35330423253947e-80,3.20397956442205e-80,2.99015301197542e-80,2.72573720828192e-80,2.42695345622795e-80,2.11069658451024e-80,1.79298667515451e-80,1.48769948133295e-80,1.20570276265644e-80,9.54447830929727e-81,7.37990938779038e-81,5.57361233327089e-81,4.1115860363407e-81,2.96257191368415e-81,2.08504443557462e-81,1.43333802840115e-81,9.62429279506143e-82,6.31212986103923e-82,4.04361611160796e-82,2.53017643357212e-82,1.54638842138159e-82,9.23152110748182e-83,1.81512208162812e-83,2.91351483189445e-85,9.26391861670355e-89,1.02354116432658e-96,1.52287026292981e-120,1.24697006896198e-224,0
0,5.76214069509527e-16,2.5722024387617e-15,3.80143807183135e-15,1.85999673173717e-15,3.01299169584739e-16,1.6158670793886e-17,2.86934504119882e-19,1.72938479408429e-21,5.89210874138712e-23,7.04962559758588e-23,8.72396598300178e-23,1.05453692860559e-22,1.24507788492809e-22,1.43587998081755e-22,1.61743433000077e-22,1.77959865084049e-22,1.9125129025999e-22,2.00758330098616e-22,2.05839951210692e-22,2.06144931302379e-22,2.01652005815908e-22,1.92672319883603e-22,1.79813792828661e-22,1.63913065221895e-22,1.4594561021968e-22,1.26927403665053e-22,1.07821818234574e-22,8.94632767140483e-23,7.25053152494093e-23,5.73960208220851e-23,4.43793174608719e-23,3.35170932520248e-23,2.47251520833491e-23,1.78155194798967e-23,1.25384803612199e-23,8.61942336262219e-24,5.78759877451976e-24,3.79581916575794e-24,2.43164128009268e-24,1.52152956462161e-24,9.29925546021629e-25,5.55140428354698e-25,1.09152937872227e-25,1.75205131739859e-27,5.57088662772148e-31,6.15509701800304e-39,5.68740200058326e-56,1.27406768104022e-56,0
0,2.03154812174352e-09,9.06877059989883e-09,1.34026685782179e-08,6.55776976587082e-09,1.06232904935149e-09,5.71287756883697e-11,1.29980631942417e-12,3.88381793283985e-13,4.96070595467649e-13,6.28502906549967e-13,7.77800506562243e-13,9.40190921302584e-13,1.11007105770417e-12,1.2801840176738e-12,1.44205198663446e-12,1.58663243524671e-12,1.70513447100331e-12,1.78989615457104e-12,1.83520224017276e-12,1.83792134375663e-12,1.79786387742272e-12,1.71780391024966e-12,1.60316145374217e-12,1.4613957238621e-12,1.30120372287336e-12,1.13164356185692e-12,9.61304359123459e-13,7.97625557583064e-13,6.46433873536028e-13,5.11724305170147e-13,3.95671600008634e-13,2.98827532155119e-13,2.20441436382879e-13,1.5883739324384e-13,1.11789024077122e-13,7.68479830266849e-14,5.16003535009049e-14,3.38422925400587e-14,2.1679724978448e-14,1.35654641134248e-14,8.29091456577933e-15,4.94945201403732e-15,9.73172198827683e-16,1.56207232377431e-17,4.96694572306236e-21,7.27534283818419e-26,4.91535660068066e-26,1.10111769870342e-26,0
0,2.29299073604381e-07,1.02361672918653e-06,1.51303858080357e-06,7.40990401365594e-07,1.20733364550631e-07,6.92842814783659e-09,6.040434759198e-10,6.17322353054497e-10,7.98702212922851e-10,1.01193457532638e-09,1.25231437622158e-09,1.51377459908992e-09,1.78729384584714e-09,2.06118800512909e-09,2.32180720422558e-09,2.55459233962398e-09,2.74538945988523e-09,2.88186230573216e-09,2.95480892836137e-09,2.95918757362193e-09,2.89469298027673e-09,2.76579157647257e-09,2.5812099366274e-09,2.35295789122515e-09,2.09503818890662e-09,1.82203498680296e-09,1.54777733215154e-09,1.28424321931291e-09,1.04081404848468e-09,8.23922036917817e-10,6.37068683963241e-10,4.81142401371324e-10,3.54934594153994e-10,2.55746952182356e-10,1.7999489262093e-10,1.23736450942084e-10,8.30850932726018e-11,5.44925129478595e-11,3.49091429789282e-11,2.18439220008208e-11,1.33509354823789e-11,7.97045566818279e-12,1.56768245318896e-12,2.53945628331718e-14,4.2237078129523e-16,8.30553011477196e-16,5.61981456852984e-16,1.25892743651262e-16,0
0,1.55382107920225e-06,6.94253842611857e-06,1.02974261609513e-05,5.13212443941741e-06,9.19344152306256e-07,8.22758379220837e-08,1.45985361641565e-08,1.3852287058496e-08,1.78053441213788e-08,2.25575051157177e-08,2.79160306151892e-08,3.37445569084268e-08,3.9842012954835e-08,4.59479823624325e-08,5.17582331140114e-08,5.69482659773451e-08,6.12026094367506e-08,6.42463014971699e-08,6.58742325389207e-08,6.59740073455534e-08,6.4538786272255e-08,6.16680666366962e-08,5.7556279667266e-08,5.24710180573782e-08,4.67242803518793e-08,4.06410177853396e-08,3.45293551666046e-08,2.86561752078512e-08,2.32305124863582e-08,1.83957036203006e-08,1.42298039930306e-08,1.07526677349055e-08,7.93744597618886e-09,5.72411379114434e-09,4.03290843130476e-09,2.77610476471181e-09,1.86720417409065e-09,1.22722783757896e-09,7.88287757666398e-10,4.94915974982682e-10,3.0376740563764e-10,1.82310769840774e-10,3.75512890610915e-11,2.99162248320877e-12,1.1571527889229e-11,2.35979931375679e-11,1.59673192543773e-11,3.57693230831113e-12,0
0,2.95939741991456e-06,1.32451292676638e-05,1.97582696223641e-05,1.01085619329159e-05,2.04470056915066e-06,2.60992536323489e-07,6.40662767138534e-08,6.23609702068014e-08,8.01594464902818e-08,1.01557684476411e-07,1.2568924297605e-07,1.51941647857654e-07,1.79411600170733e-07,2.06928962668722e-07,2.33126569254726e-07,2.56546057967348e-07,2.75769494875414e-07,2.89560774067781e-07,2.96997346243737e-07,2.97572773129457e-07,2.91254228449843e-07,2.78485830195437e-07,2.60137301688035e-07,2.37406173330338e-07,2.11688780100508e-07,1.84439320729759e-07,1.57036592315759e-07,1.30674910905332e-07,1.06290114751069e-07,8.45247990791695e-08,6.57304897898077e-08,4.99994918479799e-08,3.72163103646187e-08,2.71179415280293e-08,1.93535949061119e-08,1.35368752056362e-08,9.28637848447959e-09,6.25340458492627e-09,4.1376253723871e-09,2.69289115575952e-09,1.72592871815082e-09,1.09068006939689e-09,3.1652707576458e-10,7.64538510255356e-11,2.42342355355443e-10,4.92093247417558e-10,3.32968977526971e-10,7.45903225461621e-11,0
0,4.13207591510584e-06,1.85104337698686e-05,2.76938729631134e-05,1.4351102934353e-05,3.06086095050224e-06,4.38419835902998e-07,1.17193282272482e-07,1.1544265475864e-07,1.48439735362881e-07,1.88080209077554e-07,2.32793679720625e-07,2.81451673092582e-07,3.32388144445362e-07,3.83444074388131e-07,4.32096379351504e-07,4.75653261377699e-07,5.11497039500839e-07,5.37344843489532e-07,5.51491251971457e-07,5.52996913861989e-07,5.41793949512315e-07,5.18691474642191e-07,4.85280521308791e-07,4.43753704187751e-07,3.96667917662819e-07,3.46685643518631e-07,2.96330956322423e-07,2.4779045550927e-07,2.02778898457557e-07,1.62476824700685e-07,1.27535618692087e-07,9.81363978805729e-08,7.40840361495877e-08,5.49166947409221e-08,4.00137101643758e-08,2.86893278588836e-08,2.02651873421173e-08,1.41194797490137e-08,9.71453851594463e-09,6.6069723906812e-09,4.44537895411992e-09,2.96059421360339e-09,1.09581353062502e-09,2.78721577264579e-10,6.03149997187979e-10,1.21642545737687e-09,8.23077934697726e-10,1.84382488379895e-10,0
0,5.57662521316191e-06,2.50124010369784e-05,3.75662742961416e-05,1.9786045743524e-05,4.48634176848693e-06,6.99734630114455e-07,1.6772423992935e-07,1.53744658205544e-07,1.97158048933177e-07,2.49810470765797e-07,3.09211939839804e-07,3.73861763919098e-07,4.41550785281602e-07,5.09415744007095e-07,5.74110275372398e-07,6.32064022254142e-07,6.79804659340567e-07,7.1430351004216e-07,7.33297102804853e-07,7.35536988626846e-07,7.20929142569018e-07,6.90540947580622e-07,6.4647490845208e-07,5.9162955817335e-07,5.29385144292694e-07,4.63261298324921e-07,3.96594490390534e-07,3.32275229919724e-07,2.72571055419967e-07,2.19044781591814e-07,1.72561789599712e-07,1.33368191822687e-07,1.01215056959757e-07,7.55027309524986e-08,5.54226537863659e-08,4.00802730567629e-08,2.85898481472792e-08,2.01385609340327e-08,1.40223839983326e-08,9.65920104818562e-09,6.58583852027437e-09,4.44559768207523e-09,1.73827789736121e-09,5.34038018062428e-10,1.43487032452645e-09,2.9052918506433e-09,1.96582906690069e-09,4.40376834081686e-10,0
0,7.27577794129918e-06,3.26880509211295e-05,4.93437000537363e-05,2.65273914931871e-05,6.45393722840893e-06,1.09602805402649e-06,2.37166797188685e-07,2.00136978417892e-07,2.5578931023159e-07,3.24102696026031e-07,4.01190246579854e-07,4.85102018794562e-07,5.7297792296541e-07,6.61110341406194e-07,7.4516561476388e-07,8.20519634498087e-07,8.82674805132981e-07,9.27707399089219e-07,9.52683566355443e-07,9.55982281856609e-07,9.37475233092158e-07,8.98535303215165e-07,8.41872726759965e-07,7.7122559082394e-07,6.90953477815067e-07,6.05595401615749e-07,5.1945384418879e-07,4.36256427219198e-07,3.58928644547152e-07,2.89489588456695e-07,2.29062333712645e-07,1.77975264434175e-07,1.35922166611944e-07,1.02147572542595e-07,7.5628329906824e-08,5.52304767635321e-08,3.98298326869529e-08,2.83932436818802e-08,2.00238445205831e-08,1.39775275573706e-08,9.65920402006164e-09,6.60747838540783e-09,2.72138940391314e-09,1.02630298702457e-09,3.30223171632598e-09,6.70442913787088e-09,4.53647113538532e-09,1.01624135594535e-09,0
0,9.17877325246271e-06,4.13310984483447e-05,6.28059607130319e-05,3.46404351329071e-05,9.12221830139833e-06,1.68147530694394e-06,3.31179099277519e-07,2.54683071253852e-07,3.24158874976717e-07,4.10736880190855e-07,5.08462926176652e-07,6.14861363977426e-07,7.263172707473e-07,8.38143404940985e-07,9.44860315105232e-07,1.04062071348057e-06,1.11973656779618e-06,1.17724436386509e-06,1.20943043806432e-06,1.21423838942413e-06,1.19149550042516e-06,1.14292256457548e-06,1.07192624344468e-06,9.83207955715446e-07,8.82251186015786e-07,7.74764569163109e-07,6.66158740604553e-07,5.6112176717035e-07,4.63334939884531e-07,3.75343490763898e-07,2.98571231650039e-07,2.33448832603237e-07,1.79614987934114e-07,1.36148273426634e-07,1.01793377731632e-07,7.51557685826247e-08,5.48506720754524e-08,3.96029477784802e-08,2.83024160434928e-08,2.00238445334859e-08,1.40223906302178e-08,9.71566671802966e-09,4.2011669767883e-09,1.97310384246973e-09,7.34908155382744e-09,1.49486358330247e-08,1.01148199851389e-08,2.26587981496494e-09,0
0,1.1199919680158e-05,5.05867159998916e-05,7.75389294109935e-05,4.41392107935652e-05,1.26754925570343e-05,2.52159891624165e-06,4.56215576390664e-07,3.16862891640393e-07,4.0127874981627e-07,5.08463266108482e-07,6.29492136831414e-07,7.61294305751303e-07,8.99409866445607e-07,1.03805419810097e-06,1.17046381471197e-06,1.28942026710906e-06,1.38790057532197e-06,1.45977437394151e-06,1.50045130494553e-06,1.50738246134881e-06,1.48033825861105e-06,1.42141915991713e-06,1.33479862518187e-06,1.22624068865527e-06,1.10246885306438e-06,9.70481838873104e-07,8.36912208954176e-07,7.07507330032942e-07,5.867834903482e-07,4.77870324820042e-07,3.82531245202357e-07,3.0132203113051e-07,2.33837175235265e-07,1.78992176298811e-07,1.35297555072055e-07,1.0109337287302e-07,7.47276545654232e-08,5.46752093116749e-08,3.9602947778498e-08,2.83932437096849e-08,2.01385752211536e-08,1.4121910242776e-08,6.39029271436683e-09,3.7796855400173e-09,1.58114660605605e-08,3.22039394321645e-08,2.17904284985549e-08,4.88140097073949e-09,0
0,1.32235005023474e-05,5.99738837925944e-05,9.29659638106931e-05,5.49927515994018e-05,1.73148457578372e-05,3.68946361730895e-06,6.19043793384159e-07,3.85472408642848e-07,4.85236421603241e-07,6.14861880679099e-07,7.6129430640917e-07,9.20811538172173e-07,1.08804345139999e-06,1.25602217599462e-06,1.41659894059574e-06,1.56107540508093e-06,1.68098704400734e-06,1.76894219526299e-06,1.81940045458724e-06,1.82927462287464e-06,1.7982630325668e-06,1.72886032146201e-06,1.62604658686531e-06,1.49670667412913e-06,1.34887244958138e-06,1.19090324963871e-06,1.03071981618592e-06,8.75186627604247e-07,7.29702702109322e-07,5.9802027942527e-07,4.82273044512703e-07,3.83167586746405e-07,3.00277202582962e-07,2.32376050742468e-07,1.7776129668901e-07,1.34526852025412e-07,1.00769983533697e-07,7.47276545654232e-08,5.48506720754897e-08,3.98298327448281e-08,2.85898778858394e-08,2.0270246400949e-08,9.57131034110697e-09,7.18013024803832e-09,3.28811351951967e-08,6.70322964551585e-08,4.53566519914785e-08,1.01606081346854e-08,0
0,1.51154429274888e-05,6.8936587452181e-05,0.000108416045726579,6.71367260781548e-05,2.32391052889702e-05,5.25795614602403e-06,8.25886749827404e-07,4.58578775961403e-07,5.73175138614293e-07,7.26318028987295e-07,8.9940986741128e-07,1.0880434514004e-06,1.28590952245859e-06,1.48481765537395e-06,1.67518662476886e-06,1.84678690605269e-06,1.98966136561643e-06,2.09511048187832e-06,2.15660518702687e-06,2.17049134032771e-06,2.13637680047037e-06,2.05714088345466e-06,1.93856716133241e-06,1.78866144554681e-06,1.61676480657204e-06,1.4325971982177e-06,1.24536670358374e-06,1.06305476008775e-06,8.91946280353893e-07,7.3642560639842e-07,5.99015087438352e-07,4.80600771686421e-07,3.80773375709269e-07,2.98212279447268e-07,2.31052354019504e-07,1.77192653001895e-07,1.34526852025412e-07,1.0109337287302e-07,7.51557685826996e-08,5.52304768799273e-08,4.00803328652429e-08,2.8699502346683e-08,1.41099137480445e-08,1.3461155742777e-08,6.60852861586721e-08,1.34811467685866e-07,9.12186866479787e-08,2.04344299875771e-08,0
0,1.6740457628337e-05,7.69174415231929e-05,0.000123217443268163,8.04831410333137e-05,3.06135907041019e-05,7.28780881764871e-06,1.08117579150762e-06,5.3354899325935e-07,6.61389953256365e-07,8.38144480027523e-07,1.03805419947018e-06,1.25602217599519e-06,1.48481765537394e-06,1.71504808900346e-06,1.93572204894298e-06,2.13510128764547e-06,2.30175635110351e-06,2.4256948774278e-06,2.49940531040394e-06,2.518660255669e-06,2.48295515867843e-06,2.39551446592399e-06,2.26286787599785e-06,2.09406907565383e-06,1.8996839740078e-06,1.6907041426259e-06,1.47753952814175e-06,1.26921523238858e-06,1.07284890691697e-06,8.93430034897781e-07,7.33872064283282e-07,5.95272159843837e-07,4.77295813321445e-07,3.78604354986141e-07,2.97258323027696e-07,2.31052354019503e-07,1.7776129668901e-07,1.35297555072055e-07,1.01793377731778e-07,7.56283301329992e-08,5.5422770004312e-08,4.00334809072191e-08,2.04671052748693e-08,2.47957614931128e-08,1.28354391731927e-07,2.61961341994758e-07,1.77253266386011e-07,3.97075379523079e-08,0
0,1.79816508940393e-05,8.34398812244545e-05,0.000136795857106215,9.49190504317924e-05,3.95271232111158e-05,9.81208028441876e-06,1.38600656441587e-06,6.07162252647756e-07,7.45548658418528e-07,9.44861787925438e-07,1.17046381658773e-06,1.41659894059653e-06,1.67518662476886e-06,1.93572204894298e-06,2.18590653068905e-06,2.41260131611444e-06,2.60300790161172e-06,2.745927767039e-06,2.83292524608084e-06,2.85921956645942e-06,2.82416803808884e-06,2.7312662498258e-06,2.58767034923103e-06,2.40332448045584e-06,2.18983691799885e-06,1.95927938855803e-06,1.72308079628932e-06,1.49115241021323e-06,1.27132657464058e-06,1.06912882325449e-06,8.87847464439185e-07,7.28825429403434e-07,5.9188127767358e-07,4.75768983487353e-07,3.78604354986142e-07,2.98212279447268e-07,2.32376050742468e-07,1.78992176298812e-07,1.36148273426908e-07,1.02147572967237e-07,7.55029491507343e-08,5.49538141475978e-08,2.92085480643051e-08,4.47061992217326e-08,2.40902120200121e-07,4.91830208637527e-07,3.32791546158955e-07,7.4550575110625e-08,0
0,1.8758490536798e-05,8.81804864529699e-05,0.00014875118796246,0.000110287089966723,4.9941798129532e-05,1.28191789024527e-05,1.73652548622437e-06,6.75805757806437e-07,8.21026645560608e-07,1.04062266298977e-06,1.28942026959191e-06,1.56107540508198e-06,1.84678690605269e-06,2.13510128764547e-06,2.41260131611444e-06,2.66494709384161e-06,2.87816255683942e-06,3.0400059252478e-06,3.14123138288974e-06,3.17655265979943e-06,3.14515945864634e-06,3.05070831229133e-06,2.90079642319135e-06,2.70601200707183e-06,2.47871971496388e-06,2.23177186669028e-06,1.97733064116653e-06,1.725947144877e-06,1.48598186692076e-06,1.26338272912208e-06,1.06177672052014e-06,8.82789969161956e-07,7.26493977129184e-07,5.91881277673579e-07,4.77295813321446e-07,3.80773375709269e-07,3.00277202582962e-07,2.33837175235266e-07,1.7961498793461e-07,1.35922167382259e-07,1.01215452778978e-07,7.41513720498141e-08,4.10087436427083e-08,7.86523105243793e-08,4.36895861029255e-07,8.92197109555416e-07,6.03695488567869e-07,1.3523734717386e-07,0
0,1.9038940487557e-05,9.10133796900292e-05,0.000158890093435076,0.00012634663742181,6.16446318003351e-05,1.6237859051765e-05,2.12260103961395e-06,7.35742033060298e-07,8.83323232780319e-07,1.11973906106923e-06,1.38790057849734e-06,1.68098704400868e-06,1.98966136561643e-06,2.30175635110351e-06,2.60300790161172e-06,2.87816255683942e-06,3.11234358940446e-06,3.2925026860234e-06,3.40875175616136e-06,3.45537422574594e-06,3.43135942089308e-06,3.34038005580365e-06,3.1902260369399e-06,2.99179796225324e-06,2.75783160776551e-06,2.5015566804226e-06,2.2354844239609e-06,1.97047428388631e-06,1.71516261652254e-06,1.47576318128685e-06,1.25618605126717e-06,1.05838018460093e-06,8.82789969161957e-07,7.28825429403434e-07,5.95272159843839e-07,4.80600771686421e-07,3.83167586746406e-07,3.0132203113051e-07,2.33448832604107e-07,1.77975265784324e-07,1.33368885584084e-07,9.82544190523001e-08,5.66465763552373e-08,1.34696227477071e-07,7.65616404148737e-07,1.56377418334532e-06,1.05811088420309e-06,2.3703359012153e-07,0
0,1.88427356129872e-05,9.20146124522942e-05,0.000167202740856714,0.000142723216861473,7.42138619259717e-05,1.99284455373359e-05,2.5272030473509e-06,7.83424265824794e-07,9.28508670018912e-07,1.17724744480493e-06,1.4597743778653e-06,1.76894219526464e-06,2.09511048187832e-06,2.4256948774278e-06,2.745927767039e-06,3.0400059252478e-06,3.2925026860234e-06,3.48986381508293e-06,3.6217736080997e-06,3.68218433776213e-06,3.66984990770149e-06,3.58828542293843e-06,3.4451718721819e-06,3.25131824160298e-06,3.01936202539074e-06,2.76241926653984e-06,2.49288257908587e-06,2.22151606738188e-06,1.95692387812094e-06,1.7053924395719e-06,1.47104233691663e-06,1.25618605126717e-06,1.06177672052014e-06,8.87847464439184e-07,7.33872064283283e-07,5.99015087438352e-07,4.82273044512703e-07,3.82531245202357e-07,2.98571231651511e-07,2.290623359991e-07,1.72562964472889e-07,1.27735485547647e-07,7.6987214830447e-08,2.24126123357154e-07,1.29638067642417e-06,2.64822498564485e-06,1.79189286264941e-06,4.01412370563436e-07,0
0,1.8234902400291e-05,9.14247113191407e-05,0.000173788838249832,0.000158862485693394,8.70136277003997e-05,2.36843529247816e-05,2.92687603874975e-06,8.15826723121707e-07,9.53640254023503e-07,1.20943411651797e-06,1.50045130963026e-06,1.81940045458922e-06,2.15660518702686e-06,2.49940531040394e-06,2.83292524608084e-06,3.14123138288974e-06,3.40875175616136e-06,3.6217736080997e-06,3.76980279000783e-06,3.84657772879319e-06,3.85058128953603e-06,3.78497759713774e-06,3.65700038699094e-06,3.47691296439551e-06,3.25672681644752e-06,3.00889244363571e-06,2.74515837358878e-06,2.47573971619836e-06,2.20886152088704e-06,1.95066384047391e-06,1.7053924395719e-06,1.47576318128684e-06,1.26338272912208e-06,1.06912882325449e-06,8.93430034897781e-07,7.3642560639842e-07,5.98020279425269e-07,4.77870324820042e-07,3.75343490766308e-07,2.89489592197897e-07,2.19046703972759e-07,1.62803855943066e-07,1.02943564736322e-07,3.61837610987618e-07,2.1209785652887e-06,4.33314607174551e-06,2.93197662736807e-06,6.56809183718859e-07,0
0,1.73111310565279e-05,8.95790805461641e-05,0.000178754848041321,0.000174010046333355,9.92276249483031e-05,2.7246480786694e-05,3.29352492746871e-06,8.30751289268506e-07,9.57085936718002e-07,1.2142426328436e-06,1.50738246675301e-06,1.82927462287692e-06,2.17049134032771e-06,2.518660255669e-06,2.85921956645942e-06,3.17655265979943e-06,3.45537422574594e-06,3.68218433776213e-06,3.84657772879319e-06,3.94220678730794e-06,3.96724958657777e-06,3.92431916813407e-06,3.81984939088111e-06,3.66308381495148e-06,3.46485683325598e-06,3.23637725777246e-06,2.98820112386107e-06,2.72952097407394e-06,2.46782002959178e-06,2.20886152088704e-06,1.95692387812094e-06,1.71516261652254e-06,1.48598186692076e-06,1.27132657464058e-06,1.07284890691697e-06,8.91946280353892e-07,7.29702702109322e-07,5.86783490348201e-07,4.63334939888341e-07,3.58928650461777e-07,2.72574094593677e-07,2.03295916042921e-07,1.35409123920056e-07,5.6619241535198e-07,3.35288336667612e-06,6.85045456074474e-06,4.6352864184704e-06,1.0383775438045e-06,0
0,1.61786919791502e-05,8.68250195499502e-05,0.000182115229846731,0.00018723637577093,0.000109934915866245,3.03303944901737e-05,3.59744895055292e-06,8.27069994834951e-07,9.38705412004538e-07,1.1915002301426e-06,1.4803382646345e-06,1.79826303256934e-06,2.13637680047037e-06,2.48295515867843e-06,2.82416803808884e-06,3.14515945864634e-06,3.43135942089308e-06,3.66984990770149e-06,3.85058128953603e-06,3.96724958657777e-06,4.01769927626819e-06,4.0038006904512e-06,3.93084728145842e-06,3.80660413405089e-06,3.64019514690368e-06,3.44102997269075e-06,3.2179417005939e-06,2.97864211559232e-06,2.72952097407394e-06,2.47573971619836e-06,2.22151606738188e-06,1.9704742838863e-06,1.725947144877e-06,1.49115241021323e-06,1.26921523238858e-06,1.06305476008775e-06,8.75186627604246e-07,7.07507330032942e-07,5.6112176717617e-07,4.36256436253839e-07,3.32279872283845e-07,2.48580204341342e-07,1.75154449190547e-07,8.58035176593885e-07,5.12125272430358e-06,1.04641283846735e-05,7.08044008354798e-06,1.58613067656682e-06,0
0,1.49375997925049e-05,8.34476202372728e-05,0.000183731176425139,0.000197516503402115,0.000118220747695869,3.26629239697553e-05,3.81122675934894e-06,8.04867986749819e-07,8.9986017818283e-07,1.14292765815341e-06,1.42141916640389e-06,1.72886032146475e-06,2.05714088345466e-06,2.39551446592399e-06,2.7312662498258e-06,3.05070831229133e-06,3.34038005580365e-06,3.58828542293843e-06,3.78497759713774e-06,3.92431916813407e-06,4.0038006904512e-06,4.02438272760203e-06,3.98991758590561e-06,3.90628550151644e-06,3.78042717197313e-06,3.61945929924849e-06,3.43002240238389e-06,3.2179417005939e-06,2.98820112386107e-06,2.74515837358877e-06,2.49288257908587e-06,2.2354844239609e-06,1.97733064116652e-06,1.72308079628932e-06,1.47753952814175e-06,1.24536670358373e-06,1.03071981618592e-06,8.36912208954177e-07,6.66158740613142e-07,5.19453857522843e-07,3.96601341966618e-07,2.97496531462602e-07,2.22683088982074e-07,1.25859390144126e-06,7.55801096878679e-06,1.54438059836094e-05,1.04498855936902e-05,2.3409398160545e-06,0
0,1.36663567710598e-05,7.96235116718305e-05,0.000183309647275493,0.00020385877605295,0.000123304791623837,3.40218630303276e-05,3.91376904850901e-06,7.65462030410725e-07,8.43251373429366e-07,1.07193154348578e-06,1.33479863193147e-06,1.62604658686816e-06,1.93856716133241e-06,2.26286787599785e-06,2.58767034923103e-06,2.90079642319135e-06,3.1902260369399e-06,3.4451718721819e-06,3.65700038699094e-06,3.81984939088111e-06,3.93084728145842e-06,3.98991758590561e-06,3.9992364942635e-06,3.96248002800318e-06,3.8840339084594e-06,3.76833389809415e-06,3.6194592992485e-06,3.44102997269076e-06,3.23637725777246e-06,3.00889244363571e-06,2.76241926653984e-06,2.5015566804226e-06,2.23177186669028e-06,1.95927938855803e-06,1.6907041426259e-06,1.43259719821771e-06,1.19090324963871e-06,9.70481838873107e-07,7.74764569175359e-07,6.05595420630082e-07,4.63271068658127e-07,3.4834775123716e-07,2.78051088038691e-07,1.78615450739969e-06,1.07773227833753e-05,2.20228348779929e-05,1.49015150583571e-05,3.33817529454171e-06,0
0,1.2415020307131e-05,7.54124242723688e-05,0.000180466721463207,0.000205460764386853,0.000124662043085238,3.42708245186886e-05,3.89371520045634e-06,7.11285630686179e-07,7.7261171604499e-07,9.83213284204215e-07,1.22624069544099e-06,1.49670667413199e-06,1.78866144554681e-06,2.09406907565383e-06,2.40332448045584e-06,2.70601200707183e-06,2.99179796225323e-06,3.25131824160298e-06,3.47691296439551e-06,3.66308381495148e-06,3.80660413405089e-06,3.90628550151644e-06,3.96248002800318e-06,3.97645541925639e-06,3.94980438209367e-06,3.8840339084594e-06,3.78042717197313e-06,3.64019514690368e-06,3.46485683325598e-06,3.25672681644752e-06,3.01936202539074e-06,2.75783160776551e-06,2.47871971496388e-06,2.18983691799884e-06,1.8996839740078e-06,1.61676480657204e-06,1.34887244958138e-06,1.10246885306438e-06,8.82251186032665e-07,6.90953504013034e-07,5.29398605867588e-07,3.98957971345154e-07,3.40667167028049e-07,2.45169451777674e-06,1.48485907813694e-05,3.03430837344583e-05,2.05313223994649e-05,4.59934127031783e-06,0
0,1.12061007184943e-05,7.07849180771061e-05,0.000174838629772747,0.000201858715105081,0.000122110493232776,3.33816879733563e-05,3.75142164569318e-06,6.45651191496425e-07,6.9230003061645e-07,8.82256362053551e-07,1.10246885965583e-06,1.34887244958416e-06,1.61676480657204e-06,1.8996839740078e-06,2.18983691799885e-06,2.47871971496388e-06,2.7578316077655e-06,3.01936202539074e-06,3.25672681644752e-06,3.46485683325597e-06,3.64019514690368e-06,3.78042717197313e-06,3.8840339084594e-06,3.94980438209367e-06,3.97645541925639e-06,3.96248002800318e-06,3.90628550151644e-06,3.80660413405089e-06,3.66308381495148e-06,3.47691296439551e-06,3.25131824160298e-06,2.99179796225323e-06,2.70601200707183e-06,2.40332448045584e-06,2.09406907565383e-06,1.78866144554681e-06,1.49670667412913e-06,1.22624068865527e-06,9.83207955737914e-07,7.71225625699539e-07,5.91647478667249e-07,4.46802299420377e-07,4.09106469499036e-07,3.25404697104814e-06,1.97664993152457e-05,4.03937167540821e-05,2.73319756953046e-05,6.12279527684076e-06,0
0,1.00416497281296e-05,6.56742329685774e-05,0.000166208327781356,0.000193034423060399,0.000115845588474127,3.14395429776174e-05,3.499071684344e-06,5.72419006746064e-07,6.06859310695287e-07,7.74769427184505e-07,9.70481845059462e-07,1.19090324964132e-06,1.4325971982177e-06,1.6907041426259e-06,1.95927938855803e-06,2.23177186669028e-06,2.50155668042259e-06,2.76241926653984e-06,3.00889244363571e-06,3.23637725777246e-06,3.44102997269075e-06,3.6194592992485e-06,3.76833389809415e-06,3.8840339084594e-06,3.96248002800318e-06,3.9992364942635e-06,3.98991758590561e-06,3.93084728145842e-06,3.81984939088111e-06,3.65700038699094e-06,3.4451718721819e-06,3.1902260369399e-06,2.90079642319135e-06,2.58767034923103e-06,2.26286787599785e-06,1.93856716133241e-06,1.62604658686531e-06,1.33479862518188e-06,1.07192624347358e-06,8.41872771618325e-07,6.46497958492143e-07,4.89201743716956e-07,4.80984937221858e-07,4.17554847290881e-06,2.54239991618173e-05,5.19559778703856e-05,3.5155455997847e-05,7.87537872630915e-06,0
0,8.91349524779767e-06,6.00343261118708e-05,0.000154610334374056,0.000179451505274368,0.00010641313095247,2.86289657248853e-05,3.15885791795258e-06,4.95618272078797e-07,5.20600095785797e-07,6.66163146052452e-07,8.36912214564093e-07,1.03071981618829e-06,1.24536670358373e-06,1.47753952814175e-06,1.72308079628932e-06,1.97733064116652e-06,2.23548442396089e-06,2.49288257908586e-06,2.74515837358877e-06,2.98820112386107e-06,3.21794170059389e-06,3.43002240238389e-06,3.61945929924849e-06,3.78042717197312e-06,3.90628550151644e-06,3.98991758590561e-06,4.02438272760203e-06,4.0038006904512e-06,3.92431916813407e-06,3.78497759713774e-06,3.58828542293843e-06,3.34038005580365e-06,3.05070831229133e-06,2.7312662498258e-06,2.395514465924e-06,2.05714088345466e-06,1.72886032146201e-06,1.42141915991714e-06,1.1429225646114e-06,8.98535358963603e-07,6.90569593383606e-07,5.23564636001406e-07,5.52947733074658e-07,5.17936819807301e-06,3.15956362703394e-05,6.45691155223572e-05,4.3690000694067e-05,9.7872518575654e-06,0
0,7.81325198655274e-06,5.38862699249357e-05,0.000140383240628129,0.000162009653231228,9.46263592843786e-05,2.52047406288968e-05,2.75962827006698e-06,4.19073029212198e-07,4.3726084860238e-07,5.61125627189324e-07,7.07507334948196e-07,8.75186627606319e-07,1.06305476008775e-06,1.26921523238858e-06,1.49115241021323e-06,1.725947144877e-06,1.9704742838863e-06,2.22151606738188e-06,2.47573971619836e-06,2.72952097407394e-06,2.97864211559232e-06,3.2179417005939e-06,3.44102997269075e-06,3.64019514690368e-06,3.80660413405089e-06,3.93084728145842e-06,4.0038006904512e-06,4.01769927626819e-06,3.96724958657777e-06,3.85058128953603e-06,3.66984990770149e-06,3.43135942089308e-06,3.14515945864633e-06,2.82416803808884e-06,2.48295515867843e-06,2.13637680047037e-06,1.7982630325668e-06,1.48033825861106e-06,1.19149550046829e-06,9.37475300032762e-07,7.20963539359676e-07,5.47645456318014e-07,6.20817642057207e-07,6.20967844843225e-06,3.79384119047014e-05,7.75321377183642e-05,5.24612910505872e-05,1.17521597648971e-05,0
0,6.73943454484828e-06,4.73406559165877e-05,0.000124155105360905,0.00014192543869837,8.14453653164369e-05,2.14535070444204e-05,2.33271652084836e-06,3.46083821230955e-07,3.59779046151841e-07,4.63338207700635e-07,5.86783494509253e-07,7.29702702111076e-07,8.91946280353891e-07,1.07284890691697e-06,1.27132657464058e-06,1.48598186692076e-06,1.71516261652253e-06,1.95692387812094e-06,2.20886152088704e-06,2.46782002959178e-06,2.72952097407394e-06,2.98820112386107e-06,3.23637725777246e-06,3.46485683325597e-06,3.66308381495148e-06,3.81984939088111e-06,3.92431916813406e-06,3.96724958657777e-06,3.94220678730794e-06,3.84657772879319e-06,3.68218433776213e-06,3.45537422574594e-06,3.17655265979943e-06,2.85921956645942e-06,2.518660255669e-06,2.17049134032771e-06,1.82927462287464e-06,1.50738246134882e-06,1.21423838947417e-06,9.55982359519606e-07,7.35576895017743e-07,5.59785701811694e-07,6.79924909981234e-07,7.19542826126576e-06,4.40149018656515e-05,8.99510601771939e-05,6.08644221627484e-05,1.36345941727783e-05,0
0,5.70034277891919e-06,4.05921363477026e-05,0.000106766266467977,0.000120565514609058,6.78442437660528e-05,1.76543479412555e-05,1.90780800531998e-06,2.79204055749179e-07,2.90185260595186e-07,3.75346163737454e-07,4.77870328223563e-07,5.98020279426704e-07,7.36425606398419e-07,8.9343003489778e-07,1.06912882325449e-06,1.26338272912208e-06,1.47576318128684e-06,1.7053924395719e-06,1.95066384047391e-06,2.20886152088704e-06,2.47573971619836e-06,2.74515837358877e-06,3.00889244363571e-06,3.25672681644752e-06,3.47691296439551e-06,3.65700038699094e-06,3.78497759713774e-06,3.85058128953603e-06,3.84657772879319e-06,3.76980279000783e-06,3.6217736080997e-06,3.40875175616136e-06,3.14123138288973e-06,2.83292524608084e-06,2.49940531040394e-06,2.15660518702686e-06,1.81940045458724e-06,1.50045130494554e-06,1.20943043812041e-06,9.52683653412961e-07,7.33341836480848e-07,5.59101247105346e-07,7.25600790986876e-07,8.05774444288745e-06,4.93388115324765e-05,0.000100832009156895,6.82268999881838e-05,1.52839057687623e-05,0
0,4.71285560045122e-06,3.38906892065586e-05,8.91505655462226e-05,9.92676091257592e-05,5.46917342672888e-05,1.40457442342851e-05,1.50959811021175e-06,2.20131368387021e-07,2.29612201024925e-07,2.98573344169388e-07,3.82531247892168e-07,4.82273044513836e-07,5.99015087438351e-07,7.33872064283281e-07,8.87847464439183e-07,1.06177672052013e-06,1.25618605126717e-06,1.47104233691663e-06,1.7053924395719e-06,1.95692387812094e-06,2.22151606738188e-06,2.49288257908587e-06,2.76241926653984e-06,3.01936202539073e-06,3.25131824160298e-06,3.4451718721819e-06,3.58828542293843e-06,3.66984990770148e-06,3.68218433776213e-06,3.62177360809969e-06,3.48986381508293e-06,3.2925026860234e-06,3.04000592524779e-06,2.745927767039e-06,2.4256948774278e-06,2.09511048187831e-06,1.76894219526299e-06,1.45977437394152e-06,1.17724436392584e-06,9.27707493379304e-07,7.14351960103345e-07,5.45587061944821e-07,7.5377174399743e-07,8.72006525815791e-06,5.34374638350981e-05,0.000109208932545942,7.38950556913716e-05,1.65536623847774e-05,0
0,3.79839149859307e-06,2.75000100935457e-05,7.22048408753405e-05,7.91843902372803e-05,4.2665150750339e-05,1.08039790656739e-05,1.15573363075876e-06,1.69713152882025e-07,1.7839520161328e-07,2.33450445757182e-07,3.01322033184428e-07,3.83167586747271e-07,4.8060077168642e-07,5.95272159843837e-07,7.28825429403433e-07,8.82789969161956e-07,1.05838018460092e-06,1.25618605126717e-06,1.47576318128684e-06,1.71516261652253e-06,1.9704742838863e-06,2.2354844239609e-06,2.50155668042259e-06,2.7578316077655e-06,2.99179796225323e-06,3.1902260369399e-06,3.34038005580364e-06,3.43135942089308e-06,3.45537422574594e-06,3.40875175616136e-06,3.2925026860234e-06,3.11234358940445e-06,2.87816255683942e-06,2.60300790161172e-06,2.30175635110351e-06,1.98966136561643e-06,1.68098704400733e-06,1.38790057532198e-06,1.11973656785976e-06,8.82674903804854e-07,6.7985536094216e-07,5.2012228508654e-07,7.61552981559181e-07,9.11926927577889e-06,5.59205052480142e-05,0.000114284020386809,7.73290596900065e-05,1.73229336477804e-05,0
0,2.97780599714989e-06,2.16552821733049e-05,5.66760696270748e-05,6.11762001981247e-05,3.22074998775213e-05,8.03485746254433e-06,8.5618047502419e-07,1.28046791735235e-07,1.36232040013533e-07,1.79616178134634e-07,2.33837176750613e-07,3.00277202583601e-07,3.80773375709268e-07,4.77295813321446e-07,5.91881277673579e-07,7.26493977129184e-07,8.82789969161956e-07,1.06177672052013e-06,1.26338272912208e-06,1.48598186692076e-06,1.725947144877e-06,1.97733064116652e-06,2.23177186669028e-06,2.47871971496388e-06,2.70601200707183e-06,2.90079642319135e-06,3.05070831229133e-06,3.14515945864633e-06,3.17655265979943e-06,3.14123138288973e-06,3.0400059252478e-06,2.87816255683942e-06,2.66494709384161e-06,2.41260131611443e-06,2.13510128764547e-06,1.84678690605269e-06,1.56107540508093e-06,1.28942026710906e-06,1.04062071354485e-06,8.20519734265412e-07,6.32115286743205e-07,4.84374264148821e-07,7.47722696526814e-07,9.21557728277169e-06,5.65411115338181e-05,0.000115552797587032,7.81875643011043e-05,1.75152522725507e-05,0
0,2.26688141424905e-06,1.65306225043834e-05,4.30872292710149e-05,4.57644726267998e-05,2.35270949164657e-05,5.77750947907806e-06,6.13840872658613e-07,9.46428469311816e-08,1.02368504369587e-07,1.36149121891348e-07,1.78992177379025e-07,2.32376050742923e-07,2.98212279447267e-07,3.78604354986141e-07,4.75768983487352e-07,5.91881277673579e-07,7.28825429403432e-07,8.87847464439184e-07,1.06912882325449e-06,1.27132657464058e-06,1.49115241021323e-06,1.72308079628932e-06,1.95927938855802e-06,2.18983691799884e-06,2.40332448045584e-06,2.58767034923103e-06,2.7312662498258e-06,2.82416803808884e-06,2.85921956645942e-06,2.83292524608084e-06,2.745927767039e-06,2.60300790161172e-06,2.41260131611443e-06,2.18590653068905e-06,1.93572204894298e-06,1.67518662476886e-06,1.41659894059574e-06,1.17046381471198e-06,9.44860315168028e-07,7.45165712229374e-07,5.74160357087654e-07,4.40616171229176e-07,7.1297078505498e-07,8.99907944785676e-06,5.52364216976803e-05,0.000112886764426048,7.63836215570606e-05,1.71111405377806e-05,0
0,1.67350645619563e-06,1.22220871133881e-05,3.17105033837804e-05,3.31429758982924e-05,1.66305644700883e-05,4.01685949629979e-06,4.26028440278462e-07,6.86153462869927e-08,7.57805271500217e-08,1.01793962140643e-07,1.35297555816058e-07,1.77761296689323e-07,2.31052354019503e-07,2.97258323027696e-07,3.78604354986141e-07,4.77295813321445e-07,5.95272159843837e-07,7.33872064283281e-07,8.9343003489778e-07,1.07284890691697e-06,1.26921523238858e-06,1.47753952814175e-06,1.6907041426259e-06,1.8996839740078e-06,2.09406907565383e-06,2.26286787599785e-06,2.39551446592399e-06,2.48295515867842e-06,2.518660255669e-06,2.49940531040394e-06,2.4256948774278e-06,2.30175635110351e-06,2.13510128764547e-06,1.93572204894298e-06,1.71504808900346e-06,1.48481765537394e-06,1.25602217599461e-06,1.03805419810098e-06,8.38143405000258e-07,6.6111043340476e-07,5.09463016593308e-07,3.91485983376264e-07,6.59858279177155e-07,8.49140579749169e-06,5.21380300870566e-05,0.00010655484286751,7.20991946241981e-05,1.61513610735758e-05,0
0,1.1969190704915e-06,8.74705998037318e-06,2.25841697401387e-05,2.32328316068659e-05,1.13756416168692e-05,2.70043909310964e-06,2.86333096180814e-07,4.88668019972044e-08,5.53317816416614e-08,7.51561575110097e-08,1.01093373368138e-07,1.3452685202562e-07,1.77192653001894e-07,2.31052354019503e-07,2.98212279447267e-07,3.80773375709268e-07,4.80600771686419e-07,5.99015087438351e-07,7.36425606398419e-07,8.9194628035389e-07,1.06305476008775e-06,1.24536670358373e-06,1.4325971982177e-06,1.61676480657204e-06,1.78866144554681e-06,1.93856716133241e-06,2.05714088345466e-06,2.13637680047037e-06,2.17049134032771e-06,2.15660518702686e-06,2.09511048187831e-06,1.98966136561642e-06,1.84678690605268e-06,1.67518662476885e-06,1.48481765537394e-06,1.28590952245859e-06,1.08804345139999e-06,8.99409866445617e-07,7.26317270801358e-07,5.72978006868669e-07,4.4159389817169e-07,3.39722415025499e-07,5.92485929394199e-07,7.74215161142096e-06,4.75501123777891e-05,9.71786736091343e-05,6.57549100299589e-05,1.47301408814616e-05,0
0,8.28751665879882e-07,6.05675293907398e-06,1.55607412826177e-05,1.57617069874301e-05,7.5297357610258e-06,1.75551770089415e-06,1.86456058997381e-07,3.42444030213434e-08,3.98949849646889e-08,5.48509221630538e-08,7.47276548837772e-08,1.00769983533831e-07,1.34526852025411e-07,1.7776129668901e-07,2.32376050742468e-07,3.00277202582962e-07,3.83167586746404e-07,4.82273044512702e-07,5.98020279425268e-07,7.2970270210932e-07,8.75186627604245e-07,1.03071981618592e-06,1.19090324963871e-06,1.34887244958138e-06,1.49670667412913e-06,1.62604658686531e-06,1.72886032146201e-06,1.7982630325668e-06,1.82927462287464e-06,1.81940045458724e-06,1.76894219526299e-06,1.68098704400733e-06,1.56107540508093e-06,1.41659894059574e-06,1.25602217599461e-06,1.08804345139999e-06,9.20811538171895e-07,7.61294305751129e-07,6.14861364024944e-07,4.85102092728493e-07,3.73899754201095e-07,2.87914496793691e-07,5.15935113338118e-07,6.82087743979577e-06,4.19002191665138e-05,8.56320513273997e-05,5.79420115966916e-05,1.29799279382435e-05,0
0,5.55231299738475e-07,4.05631696119736e-06,1.03702403560872e-05,1.03477714110443e-05,4.82307654405847e-06,1.10363089567547e-06,1.17722879073264e-07,2.36548049918687e-08,2.84337297102436e-08,3.96031031547334e-08,5.46752095094541e-08,7.47276545655066e-08,1.0109337287302e-07,1.35297555072055e-07,1.78992176298812e-07,2.33837175235266e-07,3.0132203113051e-07,3.82531245202357e-07,4.77870324820041e-07,5.86783490348199e-07,7.07507330032942e-07,8.36912208954176e-07,9.70481838873104e-07,1.10246885306438e-06,1.22624068865527e-06,1.33479862518187e-06,1.42141915991713e-06,1.48033825861105e-06,1.50738246134881e-06,1.50045130494553e-06,1.45977437394151e-06,1.38790057532197e-06,1.28942026710905e-06,1.17046381471197e-06,1.03805419810097e-06,8.99409866445607e-07,7.6129430575112e-07,6.29492136398156e-07,5.08462925941581e-07,4.01190309357752e-07,3.09244284616274e-07,2.38296119418535e-07,4.35592809538762e-07,5.80647220491383e-06,3.56737559938475e-05,7.29070179265418e-05,4.93317538703193e-05,1.10510938895409e-05,0
0,3.59785739569332e-07,2.62682070565534e-06,6.6835657540969e-06,6.57342409177653e-06,2.98961359498215e-06,6.70994779777349e-07,7.21351923659987e-08,1.61351998191945e-08,2.00481529994762e-08,2.83025093146242e-08,3.96029478971987e-08,5.48506720755023e-08,7.51557685826244e-08,1.01793377731632e-07,1.36148273426634e-07,1.79614987934114e-07,2.33448832603236e-07,2.98571231650037e-07,3.75343490763897e-07,4.63334939884529e-07,5.61121767170348e-07,6.66158740604551e-07,7.74764569163107e-07,8.82251186015784e-07,9.83207955715443e-07,1.07192624344468e-06,1.14292256457548e-06,1.19149550042516e-06,1.21423838942413e-06,1.20943043806432e-06,1.17724436386509e-06,1.11973656779617e-06,1.04062071348057e-06,9.44860315105229e-07,8.38143404940982e-07,7.26317270747298e-07,6.14861363977308e-07,5.0846292590103e-07,4.1073666379343e-07,3.24102614772707e-07,2.49836999379018e-07,1.92606594587502e-07,3.56491311811574e-07,4.77612793361569e-06,2.93460167560468e-05,5.9974954698889e-05,4.05814116156729e-05,9.0908786886803e-06,0
