0,0,0,0,0,0,0,0,0,0,0,0,0,0,0,0,0,0,0,0,0,0,0,0,0,0,0,0,0,0,0,0,0,0,0,0,0,0,0,0,0,0,0,0,0,0,0,0,0,0
0,1.91244776390123e-153,1.15005648418826e-95,1.02535305884997e-85,1.65089143864474e-82,3.68002131494398e-81,1.6564758835812e-80,3.06656191546217e-80,4.07241463799749e-80,5.28249551221057e-80,6.69288216059684e-80,8.28274164908673e-80,1.00120254953317e-79,1.18210668488024e-79,1.36325875236968e-79,1.53563078823709e-79,1.68959346802945e-79,1.81578543354632e-79,1.90604754070207e-79,1.95429366537691e-79,1.95718921921733e-79,1.91453231143255e-79,1.82927702823141e-79,1.70719510088082e-79,1.55622979480681e-79,1.3856424851653e-79,1.20507908929424e-79,1.02368609750381e-79,8.49385719039392e-80,6.88382782179332e-80,5.44931531759001e-80,4.2134784077343e-80,3.18219289496587e-80,2.3474649992756e-80,1.69144797500091e-80,1.1904332759146e-80,8.18348643093697e-81,5.49488452375778e-81,3.60384138595322e-81,2.308658315455e-81,1.44457651312793e-81,8.82893526340779e-82,5.27063583209714e-82,1.03632406530559e-82,1.66343937164195e-84,5.28913283502728e-88,5.84379613447725e-96,8.69466091446523e-120,6.43417363514355e-254,0
0,1.15005648418774e-95,6.91590087733878e-38,6.16599290276397e-28,9.92768764481428e-25,2.21299240433481e-23,9.96126988026657e-23,1.84408666297183e-22,2.44895936460839e-22,3.17664530827123e-22,4.02478575989837e-22,4.9808527689942e-22,6.02076305460558e-22,7.10863576830458e-22,8.19799942974788e-22,9.23456409459179e-22,1.01604235170573e-21,1.09192828748628e-21,1.14620768981576e-21,1.17522064879251e-21,1.17696189921116e-21,1.15131003340897e-21,1.10004150042863e-21,1.02662714903988e-21,9.358436869161e-22,8.33260471166891e-22,7.24678104553711e-22,6.15596857822432e-22,5.10780776445921e-22,4.13961153445371e-22,3.27696292347042e-22,2.53378850668062e-22,1.91362171656198e-22,1.41165546833737e-22,1.01715756531196e-22,7.15870798565349e-23,4.92116533105358e-23,3.30436610907463e-23,2.16718136418281e-23,1.38831894683851e-23,8.6870063443675e-24,5.30930801866365e-24,3.16951345229462e-24,6.23196739550828e-25,1.00031450349661e-26,3.18063668324475e-30,3.51418520473336e-38,1.04571234323264e-61,8.69466091446325e-120,0
0,1.02535305884942e-85,6.16599290276345e-28,5.49739927613913e-18,8.85120429637097e-15,1.97303224858377e-13,8.88114512825281e-13,1.6441278551626e-12,2.183412736702e-12,2.83219392134562e-12,3.58836843831038e-12,4.44076677328289e-12,5.36791705411484e-12,6.33782908015528e-12,7.30907038684838e-12,8.23323782072985e-12,9.05870405127167e-12,9.73527844086894e-12,1.02192159863712e-11,1.0477886118199e-11,1.04934105421953e-11,1.02647068270174e-11,9.80761321613175e-12,9.15307467138637e-12,8.34367876905416e-12,7.42908009068268e-12,6.46099492904595e-12,5.48846191408078e-12,4.55395572998735e-12,3.69074337508392e-12,2.92163385381581e-12,2.25904364889278e-12,1.70612305410496e-12,1.25858622858623e-12,9.06864693868232e-13,6.38247184917577e-13,4.3875513931974e-13,2.94606564773155e-13,1.93218861361095e-13,1.23778014447427e-13,7.74505310693168e-14,4.73360683276931e-14,2.82583539924688e-14,5.5562200445824e-15,8.91848078243621e-17,2.83580294748719e-20,6.26626708962349e-28,3.51418520473346e-38,5.84379613447475e-96,0
0,1.65089143864385e-82,9.92768764481315e-25,8.85120429637075e-15,1.42510691986556e-11,3.17672242156983e-10,1.42992763564864e-09,2.64716306852303e-09,3.51545022789939e-09,4.56003428927604e-09,5.77752934664334e-09,7.14995172218568e-09,8.64273021832896e-09,1.02043583898312e-08,1.17681270833164e-08,1.32561038460803e-08,1.45851650717708e-08,1.56745003254099e-08,1.64536770862644e-08,1.68701578358433e-08,1.68951572312166e-08,1.65269324167968e-08,1.57909839747282e-08,1.47371353255319e-08,1.3433955280511e-08,1.19613909988333e-08,1.04027091277407e-08,8.83686509726953e-09,7.3322459538645e-09,5.9424137740903e-09,4.70409259760202e-09,3.63727385130551e-09,2.74702982475157e-09,2.0264601772743e-09,1.46015920283038e-09,1.0276611184618e-09,7.0645970959539e-10,4.74365236906152e-10,3.11119032259028e-10,1.99309927053434e-10,1.24715479356577e-10,7.62257033528664e-11,4.55064430047356e-11,8.9504910486048e-12,1.44611632857134e-13,9.13152691541745e-17,2.83580294748726e-20,3.18063668324455e-30,5.28913283502458e-88,0
0,3.68002131494179e-81,2.21299240433452e-23,1.97303224858368e-13,3.17672242156974e-10,7.08127034949137e-09,3.1874772806623e-08,5.90086751614108e-08,7.83640725670124e-08,1.01649502509334e-07,1.28789572743472e-07,1.59383518166173e-07,1.92660850480576e-07,2.27473607715988e-07,2.62334971054335e-07,2.95507961126258e-07,3.25139885118788e-07,3.49429592977448e-07,3.66807219317386e-07,3.76101713237653e-07,3.76671366564396e-07,3.68477129094937e-07,3.52087069863192e-07,3.2861127266499e-07,2.99577528664853e-07,2.66767159370782e-07,2.32035438253601e-07,1.97141570150035e-07,1.63609292664524e-07,1.32632065813379e-07,1.05028254313542e-07,8.12435068242012e-08,6.13911783273348e-08,4.53179781428517e-08,3.26812005338307e-08,2.30254488270225e-08,1.58498659930259e-08,1.06605976536436e-08,7.00672287868673e-09,4.50064258444951e-09,2.82566853408165e-09,1.73432666074873e-09,1.04087319736161e-09,2.13822277763151e-10,6.40173547147627e-12,1.44611632857131e-13,8.91848078243585e-17,1.00031450349649e-26,1.66343937164101e-84,0
0,1.65647588358021e-80,9.96126988026516e-23,8.88114512825235e-13,1.4299276356486e-09,3.18747728066229e-08,1.43482075768902e-07,2.65640304694168e-07,3.52782006752846e-07,4.57624183818212e-07,5.79832328921952e-07,7.17608961574886e-07,8.67494191111032e-07,1.02433087412523e-06,1.18143824039566e-06,1.33101060488432e-06,1.46472160975656e-06,1.57447571658685e-06,1.65321551410818e-06,1.69567380816633e-06,1.69895914492429e-06,1.66288410636096e-06,1.58998433548399e-06,1.48522542230885e-06,1.35544453546355e-06,1.20861389651788e-06,1.0530360937999e-06,8.96583218272247e-07,7.46074086550233e-07,6.06851764602871e-07,4.82585079468843e-07,3.75281029760622e-07,2.85466620562552e-07,2.12482446459583e-07,1.54826916004591e-07,1.10497229659497e-07,7.72873058326107e-08,5.3019560504519e-08,3.5703128329721e-08,2.36233187289255e-08,1.53747670075015e-08,9.85399967021368e-09,6.22690631479083e-09,1.79523420629357e-09,2.13822277763152e-10,8.95049104860464e-12,5.55622004458215e-15,6.23196739550749e-25,1.03632406530498e-82,0
0,3.06656191546034e-80,1.84408666297157e-22,1.6441278551625e-12,2.64716306852294e-09,5.90086751614103e-08,2.65640304694167e-07,4.9186075139519e-07,6.5324477242809e-07,8.47432996549284e-07,1.07382308804608e-06,1.32911000823245e-06,1.60691749055555e-06,1.89773369294169e-06,2.18923193105887e-06,2.46700693570692e-06,2.71569018136999e-06,2.92033630537695e-06,3.06791151026203e-06,3.14867887955272e-06,3.15727529115039e-06,3.09331319363733e-06,2.96141214456553e-06,2.77065596714561e-06,2.53356315463653e-06,2.26473201537876e-06,1.97936369740957e-06,1.69186912792293e-06,1.41473245682085e-06,1.15774390347958e-06,9.27643629020452e-07,7.28150641612078e-07,5.60299011484475e-07,4.22974687453971e-07,3.1354085173147e-07,2.28453894122032e-07,1.63798574093258e-07,1.15701866795171e-07,8.06136226405506e-08,5.54640932932465e-08,3.77217849723852e-08,2.53804010039947e-08,1.6902664133424e-08,6.22690631479081e-09,1.04087319736161e-09,4.55064430047343e-11,2.82583539924673e-14,3.16951345229419e-24,5.270635832094e-82,0
0,4.07241463799506e-80,2.44895936460805e-22,2.18341273670188e-12,3.51545022789927e-09,7.83640725670118e-08,3.52782006752844e-07,6.5324477242809e-07,8.67597866291984e-07,1.12553485265806e-06,1.42626506150226e-06,1.76541169144911e-06,2.13452277931179e-06,2.52098583050244e-06,2.90845337679044e-06,3.27781971543009e-06,3.60870028360805e-06,3.88127022039863e-06,4.07823762864787e-06,4.18667946551278e-06,4.19946784820264e-06,4.11606595162927e-06,3.94256788179471e-06,3.69097765944108e-06,3.37784414109971e-06,3.02246647979403e-06,2.64493962603299e-06,2.26431279041263e-06,1.89708901982892e-06,1.55621457694974e-06,1.25061218107967e-06,9.85222631162522e-07,7.61451078861291e-07,5.77876278186921e-07,4.31074569993338e-07,3.16429569466543e-07,2.2883392766322e-07,1.63230605579246e-07,1.14978907191906e-07,8.00592650902249e-08,5.51481500697517e-08,3.76011161018785e-08,2.53804010039948e-08,9.85399967021365e-09,1.73432666074872e-09,7.62257033528644e-11,4.73360683276905e-14,5.30930801866294e-24,8.82893526340253e-82,0
0,5.28249551220743e-80,3.17664530827078e-22,2.83219392134545e-12,4.56003428927589e-09,1.01649502509333e-07,4.5762418381821e-07,8.47432996549285e-07,1.12553485265806e-06,1.46020337792476e-06,1.85042807342835e-06,2.29055175587894e-06,2.76963682659766e-06,3.27135467342743e-06,3.77453706037626e-06,4.2544414341814e-06,4.6846669537673e-06,5.03953509053915e-06,5.29664375178192e-06,5.43924244230005e-06,5.45807609703354e-06,5.3524121298189e-06,5.13008886660003e-06,4.80658009450664e-06,4.40322801226153e-06,3.94492317796982e-06,3.45758059408065e-06,2.96576480996359e-06,2.49075827321611e-06,2.04926377038995e-06,1.65280908766107e-06,1.30780629735064e-06,1.01613027260802e-06,7.76032718096901e-07,5.83200373737014e-07,4.31791663461938e-07,3.15332355810353e-07,2.27404065811035e-07,1.62108113924819e-07,1.14323946398082e-07,7.98031621221623e-08,5.51481500697517e-08,3.77217849723852e-08,1.53747670075014e-08,2.82566853408164e-09,1.24715479356574e-10,7.74505310693125e-14,8.68700634436634e-24,1.44457651312707e-81,0
0,6.69288216059286e-80,4.0247857598978e-22,3.58836843831017e-12,5.77752934664316e-09,1.28789572743471e-07,5.7983232892195e-07,1.07382308804608e-06,1.42626506150226e-06,1.85042807342835e-06,2.34505597979315e-06,2.90301336620839e-06,3.51048359096824e-06,4.14682887911839e-06,4.78528794018053e-06,5.39457644643354e-06,5.94130994906686e-06,6.39301325103367e-06,6.72134771190592e-06,6.90511057611194e-06,6.93256104762246e-06,6.80271301468434e-06,6.52539115929495e-06,6.12004544243838e-06,5.6135180989773e-06,5.03711648360293e-06,4.42343342134446e-06,3.80336034247656e-06,3.20366325092319e-06,2.64536007444912e-06,2.14298253638853e-06,1.70465973445246e-06,1.33285053216419e-06,1.02549209427629e-06,7.77323650182214e-07,5.81178137270818e-07,4.29093626357122e-07,3.13163902556677e-07,2.26108691284524e-07,1.61589543474837e-07,1.14323946398081e-07,8.00592650902246e-08,5.54640932932464e-08,2.36233187289253e-08,4.50064258444948e-09,1.99309927053428e-10,1.2377801444742e-13,1.38831894683832e-23,2.30865831545362e-81,0
0,8.2827416490818e-80,4.9808527689935e-22,4.44076677328263e-12,7.14995172218545e-09,1.59383518166172e-07,7.17608961574882e-07,1.32911000823245e-06,1.76541169144911e-06,2.29055175587894e-06,2.90301336620838e-06,3.5940163830993e-06,4.34652642824942e-06,5.13508208954361e-06,5.92665671070467e-06,6.68263490942016e-06,7.36180374103854e-06,7.92406627088534e-06,8.33442184932393e-06,8.56666233016477e-06,8.60623500824423e-06,8.45182909578354e-06,8.11543695720175e-06,7.62088650462163e-06,7.00108686006294e-06,6.29442512569205e-06,5.54085972919001e-06,4.77825856158858e-06,4.03943558350179e-06,3.35017604780651e-06,2.72834826218374e-06,2.1840202328359e-06,1.72036512269767e-06,1.33506773187339e-06,1.02193621948225e-06,7.72466566944834e-07,5.77181536225889e-07,4.26649356281787e-07,3.12162117131288e-07,2.26108691284524e-07,1.62108113924818e-07,1.14978907191905e-07,8.06136226405504e-08,3.57031283297208e-08,7.00672287868667e-09,3.11119032259018e-10,1.93218861361084e-13,2.1671813641825e-23,3.60384138595108e-81,0
0,1.00120254953258e-79,6.02076305460474e-22,5.36791705411452e-12,8.64273021832868e-09,1.92660850480574e-07,8.67494191111027e-07,1.60691749055555e-06,2.13452277931179e-06,2.76963682659766e-06,3.51048359096824e-06,4.34652642824942e-06,5.25727258941245e-06,6.21206487539372e-06,7.17112099904854e-06,8.08791644310872e-06,8.91278898766998e-06,9.59741135212347e-06,1.00995816515009e-05,1.03876675547048e-05,1.04440430366885e-05,1.02669857595793e-05,9.87073858456396e-06,9.28373483156641e-06,8.54528277079521e-06,7.70123946304635e-06,6.79933162370847e-06,5.8847818607448e-06,4.99678216137339e-06,4.16615762855851e-06,3.41433126389467e-06,2.75348510788949e-06,2.18765335516153e-06,1.71439978858101e-06,1.32672560166838e-06,1.01490864721016e-06,7.68066322341319e-07,5.75335180224851e-07,4.26649356281787e-07,3.13163902556677e-07,2.27404065811034e-07,1.63230605579245e-07,1.15701866795171e-07,5.30195605045187e-08,1.06605976536435e-08,4.74365236906136e-10,2.94606564773137e-13,3.30436610907417e-23,5.49488452375451e-81,0
0,1.18210668487954e-79,7.10863576830358e-22,6.33782908015492e-12,1.02043583898309e-08,2.27473607715986e-07,1.02433087412523e-06,1.89773369294169e-06,2.52098583050244e-06,3.27135467342743e-06,4.14682887911839e-06,5.13508208954361e-06,6.21206487539372e-06,7.34175952910787e-06,8.47740372082074e-06,9.56429449399841e-06,1.05440274987781e-05,1.13597535717624e-05,1.19618037476344e-05,1.23129010290752e-05,1.23921824999241e-05,1.21974092723335e-05,1.1745020485535e-05,1.10680368104873e-05,1.02121665504768e-05,9.23074152393082e-06,8.17925674216849e-06,7.11028474677461e-06,6.06939468020702e-06,5.09246956249319e-06,4.20454131400894e-06,3.42001101125024e-06,2.7439374494087e-06,2.17398386956429e-06,1.70261033617897e-06,1.3191681002581e-06,1.01166203838144e-06,7.6806632234132e-07,5.7718153622589e-07,4.29093626357122e-07,3.15332355810352e-07,2.28833927663219e-07,1.63798574093257e-07,7.72873058326104e-08,1.58498659930258e-08,7.06459709595368e-10,4.38755139319714e-13,4.92116533105289e-23,8.1834864309321e-81,0
0,1.36325875236887e-79,8.19799942974673e-22,7.30907038684797e-12,1.17681270833161e-08,2.62334971054334e-07,1.18143824039565e-06,2.18923193105887e-06,2.90845337679044e-06,3.77453706037626e-06,4.78528794018053e-06,5.92665671070468e-06,7.17112099904854e-06,8.47740372082074e-06,9.79187915666509e-06,1.10517929530217e-05,1.219012687161e-05,1.31416256970311e-05,1.3849239133881e-05,1.42700807749496e-05,1.4380014775292e-05,1.41761604360169e-05,1.36769273810861e-05,1.29195962091916e-05,1.19558579528963e-05,1.08460375126543e-05,9.65289006204214e-06,8.43585005080915e-06,7.24644530904606e-06,6.12531328844273e-06,5.10094089649546e-06,4.18996214507881e-06,3.39864117623942e-06,2.72506815172827e-06,2.16160008339215e-06,1.6971638265207e-06,1.3191681002581e-06,1.01490864721016e-06,7.72466566944832e-07,5.81178137270816e-07,4.31791663461936e-07,3.16429569466541e-07,2.28453894122031e-07,1.10497229659496e-07,2.30254488270222e-08,1.02766111846176e-09,6.38247184917537e-13,7.15870798565249e-23,1.19043327591389e-80,0
0,1.53563078823618e-79,9.23456409459049e-22,8.23323782072939e-12,1.32561038460799e-08,2.95507961126256e-07,1.33101060488431e-06,2.46700693570693e-06,3.27781971543009e-06,4.25444143418141e-06,5.39457644643354e-06,6.68263490942017e-06,8.08791644310872e-06,9.56429449399841e-06,1.10517929530217e-05,1.24801938403425e-05,1.37744828801451e-05,1.48615884183379e-05,1.56775737311252e-05,1.61742763059242e-05,1.63244008472152e-05,1.61242779863685e-05,1.55938654049706e-05,1.47740203434636e-05,1.37215178033594e-05,1.25026339560589e-05,1.11862910025179e-05,9.83774101881829e-06,8.51357130951469e-06,7.25849978630682e-06,6.10407387835901e-06,5.06906782211077e-06,4.16114893616174e-06,3.37928130600688e-06,2.71635088407608e-06,2.16160008339216e-06,1.70261033617897e-06,1.32672560166838e-06,1.02193621948225e-06,7.77323650182214e-07,5.83200373737013e-07,4.31074569993337e-07,3.1354085173147e-07,1.5482691600459e-07,3.26812005338305e-08,1.46015920283033e-09,9.06864693868179e-13,1.01715756531182e-22,1.6914479749999e-80,0
0,1.68959346802845e-79,1.01604235170559e-21,9.05870405127116e-12,1.45851650717703e-08,3.25139885118786e-07,1.46472160975655e-06,2.71569018136999e-06,3.60870028360805e-06,4.6846669537673e-06,5.94130994906686e-06,7.36180374103855e-06,8.91278898766999e-06,1.05440274987781e-05,1.219012687161e-05,1.37744828801451e-05,1.52152234500698e-05,1.64325537753204e-05,1.73565807550439e-05,1.79345164147862e-05,1.81361793753623e-05,1.79569433329429e-05,1.74176848612728e-05,1.65617793554001e-05,1.54496790729223e-05,1.41519786341808e-05,1.27420569510526e-05,1.12893526515189e-05,9.8541061220311e-06,8.48405065909164e-06,7.2131452706783e-06,6.06209785332285e-06,5.04019260694476e-06,4.1478377648451e-06,3.37928130600688e-06,2.72506815172828e-06,2.17398386956429e-06,1.71439978858101e-06,1.33506773187339e-06,1.02549209427629e-06,7.760327180969e-07,5.7787627818692e-07,4.22974687453971e-07,2.12482446459582e-07,4.53179781428514e-08,2.02646017727424e-09,1.25858622858616e-12,1.41165546833718e-22,2.34746499927421e-80,0
0,1.81578543354524e-79,1.09192828748612e-21,9.73527844086838e-12,1.56745003254094e-08,3.49429592977446e-07,1.57447571658684e-06,2.92033630537695e-06,3.88127022039863e-06,5.03953509053915e-06,6.39301325103367e-06,7.92406627088534e-06,9.59741135212347e-06,1.13597535717624e-05,1.31416256970311e-05,1.48615884183379e-05,1.64325537753204e-05,1.77695847229437e-05,1.87981833461413e-05,1.94618946753828e-05,1.97280805573325e-05,1.95909706601828e-05,1.90715339432663e-05,1.82142460240361e-05,1.70813426721829e-05,1.57455374055209e-05,1.42823637863585e-05,1.27632533900267e-05,1.12502070308373e-05,9.79253303898716e-06,8.4257081930647e-06,7.17205662696239e-06,6.04270570363013e-06,5.04019260694475e-06,4.16114893616173e-06,3.39864117623942e-06,2.7439374494087e-06,2.18765335516153e-06,1.72036512269766e-06,1.33285053216419e-06,1.01613027260802e-06,7.61451078861287e-07,5.60299011484473e-07,2.8546662056255e-07,6.13911783273342e-08,2.74702982475148e-09,1.70612305410486e-12,1.91362171656171e-22,3.18219289496398e-80,0
0,1.90604754070093e-79,1.1462076898156e-21,1.02192159863706e-11,1.64536770862639e-08,3.66807219317383e-07,1.65321551410817e-06,3.06791151026203e-06,4.07823762864787e-06,5.29664375178192e-06,6.72134771190592e-06,8.33442184932393e-06,1.00995816515009e-05,1.19618037476344e-05,1.3849239133881e-05,1.56775737311252e-05,1.73565807550439e-05,1.87981833461413e-05,1.99249950888352e-05,2.06781195995021e-05,2.10230280416696e-05,2.09526059646476e-05,2.04869224754228e-05,1.96698313374691e-05,1.85630452730547e-05,1.72387166706379e-05,1.57717301406509e-05,1.42328399551455e-05,1.26835025885676e-05,1.11728424737564e-05,9.73675128414703e-06,8.3987550493675e-06,7.17205662696239e-06,6.06209785332284e-06,5.06906782211076e-06,4.18996214507882e-06,3.42001101125024e-06,2.75348510788949e-06,2.1840202328359e-06,1.70465973445246e-06,1.30780629735064e-06,9.85222631162518e-07,7.28150641612075e-07,3.7528102976062e-07,8.12435068242006e-08,3.63727385130539e-09,2.25904364889265e-12,2.53378850668026e-22,4.21347840773179e-80,0
0,1.95429366537574e-79,1.17522064879235e-21,1.04778861181984e-11,1.68701578358428e-08,3.7610171323765e-07,1.69567380816633e-06,3.14867887955272e-06,4.18667946551279e-06,5.43924244230005e-06,6.90511057611194e-06,8.56666233016478e-06,1.03876675547049e-05,1.23129010290752e-05,1.42700807749496e-05,1.61742763059242e-05,1.79345164147862e-05,1.94618946753828e-05,2.06781195995021e-05,2.15232759949398e-05,2.19616140961667e-05,2.19844719875819e-05,2.16099148936357e-05,2.08792430339955e-05,1.98510536257822e-05,1.85939249385446e-05,1.71789417406967e-05,1.56731809635189e-05,1.41349646577296e-05,1.26112528418378e-05,1.11371014746854e-05,9.73675128414703e-06,8.42570819306471e-06,7.2131452706783e-06,6.10407387835901e-06,5.10094089649547e-06,4.20454131400894e-06,3.41433126389467e-06,2.72834826218374e-06,2.14298253638852e-06,1.65280908766106e-06,1.25061218107967e-06,9.2764362902045e-07,4.82585079468841e-07,1.05028254313541e-07,4.70409259760187e-09,2.92163385381564e-12,3.27696292346996e-22,5.44931531758676e-80,0
0,1.95718921921617e-79,1.176961899211e-21,1.04934105421947e-11,1.68951572312161e-08,3.76671366564394e-07,1.69895914492428e-06,3.1572752911504e-06,4.19946784820264e-06,5.45807609703355e-06,6.93256104762247e-06,8.60623500824424e-06,1.04440430366885e-05,1.23921824999241e-05,1.4380014775292e-05,1.63244008472152e-05,1.81361793753623e-05,1.97280805573325e-05,2.10230280416696e-05,2.19616140961667e-05,2.25075977282561e-05,2.26505768468983e-05,2.24054703264217e-05,2.18090115793208e-05,2.09139756994116e-05,1.97822204659588e-05,1.84777413628681e-05,1.70608069174668e-05,1.55839009442847e-05,1.40897480747618e-05,1.26112528418378e-05,1.11728424737564e-05,9.79253303898716e-06,8.48405065909164e-06,7.25849978630681e-06,6.12531328844274e-06,5.09246956249319e-06,4.16615762855851e-06,3.35017604780652e-06,2.64536007444912e-06,2.04926377038994e-06,1.55621457694974e-06,1.15774390347958e-06,6.06851764602868e-07,1.32632065813378e-07,5.94241377409011e-09,3.69074337508372e-12,4.1396115344531e-22,6.88382782178923e-80,0
0,1.91453231143141e-79,1.15131003340881e-21,1.02647068270168e-11,1.65269324167963e-08,3.68477129094935e-07,1.66288410636095e-06,3.09331319363734e-06,4.11606595162928e-06,5.3524121298189e-06,6.80271301468435e-06,8.45182909578354e-06,1.02669857595793e-05,1.21974092723335e-05,1.41761604360169e-05,1.61242779863685e-05,1.79569433329429e-05,1.95909706601828e-05,2.09526059646477e-05,2.19844719875819e-05,2.26505768468983e-05,2.29386138227168e-05,2.28592613697792e-05,2.2442741874201e-05,2.17333892366518e-05,2.07832953569663e-05,1.96461836161274e-05,1.83724855690301e-05,1.70062308070794e-05,1.55839009442847e-05,1.41349646577296e-05,1.26835025885676e-05,1.12502070308373e-05,9.8541061220311e-06,8.51357130951469e-06,7.24644530904608e-06,6.06939468020702e-06,4.9967821613734e-06,4.03943558350179e-06,3.20366325092319e-06,2.4907582732161e-06,1.89708901982892e-06,1.41473245682085e-06,7.4607408655023e-07,1.63609292664523e-07,7.33224595386427e-09,4.55395572998709e-12,5.10780776445849e-22,8.49385719038887e-80,0
0,1.82927702823032e-79,1.10004150042848e-21,9.80761321613119e-12,1.57909839747277e-08,3.5208706986319e-07,1.58998433548399e-06,2.96141214456553e-06,3.94256788179472e-06,5.13008886660004e-06,6.52539115929495e-06,8.11543695720176e-06,9.87073858456397e-06,1.1745020485535e-05,1.36769273810861e-05,1.55938654049706e-05,1.74176848612728e-05,1.90715339432663e-05,2.04869224754229e-05,2.16099148936357e-05,2.24054703264217e-05,2.28592613697792e-05,2.29767722558418e-05,2.27799973054643e-05,2.23025090827087e-05,2.1583934739721e-05,2.06649063066811e-05,1.95833370994936e-05,1.83724855690301e-05,1.70608069174668e-05,1.56731809635189e-05,1.42328399551455e-05,1.27632533900267e-05,1.12893526515189e-05,9.83774101881828e-06,8.43585005080916e-06,7.11028474677461e-06,5.8847818607448e-06,4.77825856158858e-06,3.80336034247656e-06,2.96576480996358e-06,2.26431279041262e-06,1.69186912792292e-06,8.96583218272243e-07,1.97141570150033e-07,8.83686509726925e-09,5.48846191408047e-12,6.15596857822346e-22,1.0236860975032e-79,0
0,1.7071951008798e-79,1.02662714903974e-21,9.15307467138586e-12,1.47371353255314e-08,3.28611272664988e-07,1.48522542230885e-06,2.77065596714562e-06,3.69097765944109e-06,4.80658009450665e-06,6.12004544243839e-06,7.62088650462163e-06,9.28373483156641e-06,1.10680368104873e-05,1.29195962091916e-05,1.47740203434636e-05,1.65617793554001e-05,1.82142460240361e-05,1.96698313374691e-05,2.08792430339955e-05,2.18090115793208e-05,2.2442741874201e-05,2.27799973054643e-05,2.2833202591717e-05,2.26233455747885e-05,2.21754660501227e-05,2.15148895174963e-05,2.06649063066811e-05,1.96461836161274e-05,1.84777413628681e-05,1.71789417406967e-05,1.57717301406509e-05,1.42823637863585e-05,1.27420569510526e-05,1.11862910025178e-05,9.65289006204216e-06,8.17925674216849e-06,6.79933162370847e-06,5.54085972919001e-06,4.42343342134446e-06,3.45758059408064e-06,2.64493962603298e-06,1.97936369740956e-06,1.0530360937999e-06,2.320354382536e-07,1.04027091277404e-08,6.46099492904557e-12,7.24678104553609e-22,1.20507908929352e-79,0
0,1.55622979480588e-79,9.35843686915969e-22,8.34367876905369e-12,1.34339552805106e-08,2.99577528664851e-07,1.35544453546355e-06,2.53356315463654e-06,3.37784414109971e-06,4.40322801226154e-06,5.61351809897731e-06,7.00108686006296e-06,8.54528277079523e-06,1.02121665504768e-05,1.19558579528963e-05,1.37215178033594e-05,1.54496790729223e-05,1.70813426721829e-05,1.85630452730547e-05,1.98510536257822e-05,2.09139756994116e-05,2.17333892366518e-05,2.23025090827087e-05,2.26233455747885e-05,2.27031365399492e-05,2.25509753632625e-05,2.21754660501227e-05,2.1583934739721e-05,2.07832953569663e-05,1.97822204659588e-05,1.85939249385446e-05,1.72387166706379e-05,1.57455374055209e-05,1.41519786341808e-05,1.25026339560589e-05,1.08460375126543e-05,9.23074152393082e-06,7.70123946304635e-06,6.29442512569205e-06,5.03711648360292e-06,3.94492317796981e-06,3.02246647979402e-06,2.26473201537875e-06,1.20861389651788e-06,2.6676715937078e-07,1.19613909988329e-08,7.42908009068226e-12,8.33260471166774e-22,1.38564248516448e-79,0
0,1.38564248516448e-79,8.33260471166774e-22,7.42908009068226e-12,1.19613909988329e-08,2.6676715937078e-07,1.20861389651788e-06,2.26473201537876e-06,3.02246647979403e-06,3.94492317796982e-06,5.03711648360292e-06,6.29442512569205e-06,7.70123946304635e-06,9.23074152393082e-06,1.08460375126543e-05,1.25026339560589e-05,1.41519786341808e-05,1.57455374055209e-05,1.72387166706379e-05,1.85939249385446e-05,1.97822204659588e-05,2.07832953569663e-05,2.1583934739721e-05,2.21754660501227e-05,2.25509753632625e-05,2.27031365399492e-05,2.26233455747885e-05,2.23025090827087e-05,2.17333892366518e-05,2.09139756994116e-05,1.98510536257822e-05,1.85630452730547e-05,1.70813426721829e-05,1.54496790729223e-05,1.37215178033594e-05,1.19558579528963e-05,1.02121665504768e-05,8.54528277079523e-06,7.00108686006296e-06,5.61351809897731e-06,4.40322801226153e-06,3.3778441410997e-06,2.53356315463653e-06,1.35544453546355e-06,2.99577528664851e-07,1.34339552805106e-08,8.34367876905369e-12,9.35843686915969e-22,1.55622979480588e-79,0
0,1.20507908929352e-79,7.24678104553609e-22,6.46099492904558e-12,1.04027091277404e-08,2.320354382536e-07,1.0530360937999e-06,1.97936369740957e-06,2.64493962603299e-06,3.45758059408066e-06,4.42343342134446e-06,5.54085972919001e-06,6.79933162370848e-06,8.17925674216849e-06,9.65289006204215e-06,1.11862910025179e-05,1.27420569510526e-05,1.42823637863585e-05,1.57717301406509e-05,1.71789417406967e-05,1.84777413628681e-05,1.96461836161274e-05,2.06649063066811e-05,2.15148895174963e-05,2.21754660501227e-05,2.26233455747885e-05,2.2833202591717e-05,2.27799973054643e-05,2.2442741874201e-05,2.18090115793208e-05,2.08792430339955e-05,1.96698313374691e-05,1.82142460240361e-05,1.65617793554001e-05,1.47740203434636e-05,1.29195962091916e-05,1.10680368104873e-05,9.28373483156641e-06,7.62088650462163e-06,6.12004544243838e-06,4.80658009450663e-06,3.69097765944107e-06,2.77065596714561e-06,1.48522542230885e-06,3.28611272664988e-07,1.47371353255314e-08,9.15307467138584e-12,1.02662714903974e-21,1.7071951008798e-79,0
0,1.0236860975032e-79,6.15596857822346e-22,5.48846191408046e-12,8.83686509726923e-09,1.97141570150033e-07,8.96583218272242e-07,1.69186912792293e-06,2.26431279041263e-06,2.96576480996359e-06,3.80336034247656e-06,4.77825856158858e-06,5.8847818607448e-06,7.11028474677461e-06,8.43585005080914e-06,9.83774101881827e-06,1.12893526515189e-05,1.27632533900267e-05,1.42328399551455e-05,1.56731809635189e-05,1.70608069174667e-05,1.83724855690301e-05,1.95833370994936e-05,2.06649063066811e-05,2.1583934739721e-05,2.23025090827087e-05,2.27799973054643e-05,2.29767722558418e-05,2.28592613697792e-05,2.24054703264217e-05,2.16099148936357e-05,2.04869224754229e-05,1.90715339432663e-05,1.74176848612728e-05,1.55938654049706e-05,1.36769273810861e-05,1.1745020485535e-05,9.87073858456398e-06,8.11543695720176e-06,6.52539115929495e-06,5.13008886660002e-06,3.94256788179471e-06,2.96141214456552e-06,1.58998433548399e-06,3.5208706986319e-07,1.57909839747277e-08,9.80761321613119e-12,1.10004150042848e-21,1.82927702823032e-79,0
0,8.49385719038887e-80,5.10780776445849e-22,4.55395572998709e-12,7.33224595386427e-09,1.63609292664523e-07,7.4607408655023e-07,1.41473245682085e-06,1.89708901982893e-06,2.49075827321611e-06,3.20366325092319e-06,4.03943558350179e-06,4.9967821613734e-06,6.06939468020702e-06,7.24644530904606e-06,8.51357130951469e-06,9.8541061220311e-06,1.12502070308373e-05,1.26835025885676e-05,1.41349646577296e-05,1.55839009442847e-05,1.70062308070794e-05,1.83724855690301e-05,1.96461836161274e-05,2.07832953569663e-05,2.17333892366518e-05,2.2442741874201e-05,2.28592613697792e-05,2.29386138227168e-05,2.26505768468983e-05,2.19844719875819e-05,2.09526059646477e-05,1.95909706601828e-05,1.79569433329429e-05,1.61242779863685e-05,1.4176160436017e-05,1.21974092723335e-05,1.02669857595793e-05,8.45182909578354e-06,6.80271301468435e-06,5.35241212981889e-06,4.11606595162926e-06,3.09331319363733e-06,1.66288410636095e-06,3.68477129094935e-07,1.65269324167963e-08,1.02647068270168e-11,1.15131003340881e-21,1.91453231143141e-79,0
0,6.88382782178923e-80,4.1396115344531e-22,3.6907433750837e-12,5.9424137740901e-09,1.32632065813378e-07,6.06851764602866e-07,1.15774390347958e-06,1.55621457694974e-06,2.04926377038994e-06,2.64536007444911e-06,3.35017604780651e-06,4.1661576285585e-06,5.09246956249317e-06,6.12531328844272e-06,7.2584997863068e-06,8.48405065909162e-06,9.79253303898715e-06,1.11728424737564e-05,1.26112528418378e-05,1.40897480747618e-05,1.55839009442847e-05,1.70608069174667e-05,1.8477741362868e-05,1.97822204659588e-05,2.09139756994116e-05,2.18090115793208e-05,2.24054703264217e-05,2.26505768468983e-05,2.25075977282561e-05,2.19616140961667e-05,2.10230280416696e-05,1.97280805573325e-05,1.81361793753623e-05,1.63244008472152e-05,1.4380014775292e-05,1.23921824999241e-05,1.04440430366885e-05,8.60623500824424e-06,6.93256104762247e-06,5.45807609703353e-06,4.19946784820263e-06,3.15727529115039e-06,1.69895914492428e-06,3.76671366564394e-07,1.68951572312161e-08,1.04934105421947e-11,1.176961899211e-21,1.95718921921617e-79,0
0,5.44931531758676e-80,3.27696292346996e-22,2.92163385381564e-12,4.70409259760187e-09,1.05028254313541e-07,4.82585079468841e-07,9.27643629020453e-07,1.25061218107967e-06,1.65280908766107e-06,2.14298253638852e-06,2.72834826218374e-06,3.41433126389467e-06,4.20454131400894e-06,5.10094089649546e-06,6.10407387835901e-06,7.2131452706783e-06,8.42570819306471e-06,9.73675128414703e-06,1.11371014746854e-05,1.26112528418378e-05,1.41349646577296e-05,1.56731809635189e-05,1.71789417406967e-05,1.85939249385446e-05,1.98510536257822e-05,2.08792430339955e-05,2.16099148936357e-05,2.19844719875819e-05,2.19616140961667e-05,2.15232759949398e-05,2.06781195995021e-05,1.94618946753828e-05,1.79345164147862e-05,1.61742763059242e-05,1.42700807749497e-05,1.23129010290752e-05,1.03876675547049e-05,8.56666233016478e-06,6.90511057611194e-06,5.43924244230004e-06,4.18667946551277e-06,3.14867887955271e-06,1.69567380816633e-06,3.7610171323765e-07,1.68701578358428e-08,1.04778861181984e-11,1.17522064879235e-21,1.95429366537574e-79,0
0,4.21347840773179e-80,2.53378850668026e-22,2.25904364889265e-12,3.63727385130539e-09,8.12435068242006e-08,3.7528102976062e-07,7.28150641612078e-07,9.85222631162522e-07,1.30780629735064e-06,1.70465973445246e-06,2.1840202328359e-06,2.75348510788949e-06,3.42001101125024e-06,4.18996214507881e-06,5.06906782211076e-06,6.06209785332284e-06,7.17205662696239e-06,8.3987550493675e-06,9.73675128414703e-06,1.11728424737564e-05,1.26835025885676e-05,1.42328399551455e-05,1.57717301406509e-05,1.72387166706379e-05,1.85630452730547e-05,1.96698313374691e-05,2.04869224754228e-05,2.09526059646476e-05,2.10230280416696e-05,2.06781195995021e-05,1.99249950888352e-05,1.87981833461413e-05,1.73565807550439e-05,1.56775737311252e-05,1.3849239133881e-05,1.19618037476344e-05,1.00995816515009e-05,8.33442184932393e-06,6.72134771190592e-06,5.29664375178191e-06,4.07823762864786e-06,3.06791151026202e-06,1.65321551410817e-06,3.66807219317383e-07,1.64536770862639e-08,1.02192159863706e-11,1.1462076898156e-21,1.90604754070093e-79,0
0,3.18219289496398e-80,1.91362171656171e-22,1.70612305410486e-12,2.74702982475148e-09,6.13911783273342e-08,2.8546662056255e-07,5.60299011484475e-07,7.6145107886129e-07,1.01613027260802e-06,1.33285053216419e-06,1.72036512269766e-06,2.18765335516153e-06,2.7439374494087e-06,3.39864117623941e-06,4.16114893616173e-06,5.04019260694475e-06,6.04270570363013e-06,7.17205662696239e-06,8.4257081930647e-06,9.79253303898716e-06,1.12502070308373e-05,1.27632533900267e-05,1.42823637863585e-05,1.57455374055209e-05,1.70813426721829e-05,1.82142460240361e-05,1.90715339432663e-05,1.95909706601828e-05,1.97280805573325e-05,1.94618946753828e-05,1.87981833461413e-05,1.77695847229437e-05,1.64325537753204e-05,1.48615884183379e-05,1.31416256970311e-05,1.13597535717624e-05,9.59741135212347e-06,7.92406627088534e-06,6.39301325103367e-06,5.03953509053914e-06,3.88127022039862e-06,2.92033630537694e-06,1.57447571658684e-06,3.49429592977446e-07,1.56745003254094e-08,9.73527844086838e-12,1.09192828748612e-21,1.81578543354524e-79,0
0,2.34746499927421e-80,1.41165546833718e-22,1.25858622858616e-12,2.02646017727424e-09,4.53179781428514e-08,2.12482446459582e-07,4.22974687453973e-07,5.77876278186922e-07,7.76032718096903e-07,1.02549209427629e-06,1.33506773187339e-06,1.71439978858101e-06,2.17398386956429e-06,2.72506815172828e-06,3.37928130600688e-06,4.1478377648451e-06,5.04019260694476e-06,6.06209785332285e-06,7.2131452706783e-06,8.48405065909164e-06,9.8541061220311e-06,1.12893526515189e-05,1.27420569510526e-05,1.41519786341808e-05,1.54496790729223e-05,1.65617793554001e-05,1.74176848612728e-05,1.79569433329429e-05,1.81361793753623e-05,1.79345164147862e-05,1.73565807550439e-05,1.64325537753204e-05,1.52152234500698e-05,1.37744828801451e-05,1.219012687161e-05,1.05440274987781e-05,8.91278898766999e-06,7.36180374103855e-06,5.94130994906686e-06,4.68466695376729e-06,3.60870028360804e-06,2.71569018136998e-06,1.46472160975655e-06,3.25139885118786e-07,1.45851650717703e-08,9.05870405127116e-12,1.01604235170559e-21,1.68959346802845e-79,0
0,1.6914479749999e-80,1.01715756531182e-22,9.06864693868179e-13,1.46015920283033e-09,3.26812005338305e-08,1.5482691600459e-07,3.13540851731471e-07,4.31074569993339e-07,5.83200373737015e-07,7.77323650182214e-07,1.02193621948225e-06,1.32672560166838e-06,1.70261033617897e-06,2.16160008339215e-06,2.71635088407608e-06,3.37928130600688e-06,4.16114893616174e-06,5.06906782211077e-06,6.10407387835901e-06,7.25849978630682e-06,8.51357130951469e-06,9.83774101881829e-06,1.11862910025179e-05,1.25026339560589e-05,1.37215178033594e-05,1.47740203434636e-05,1.55938654049706e-05,1.61242779863685e-05,1.63244008472152e-05,1.61742763059242e-05,1.56775737311252e-05,1.48615884183379e-05,1.37744828801451e-05,1.24801938403425e-05,1.10517929530217e-05,9.56429449399841e-06,8.08791644310872e-06,6.68263490942017e-06,5.39457644643354e-06,4.2544414341814e-06,3.27781971543008e-06,2.46700693570692e-06,1.33101060488431e-06,2.95507961126256e-07,1.32561038460799e-08,8.23323782072939e-12,9.23456409459049e-22,1.53563078823618e-79,0
0,1.19043327591389e-80,7.15870798565249e-23,6.38247184917537e-13,1.02766111846176e-09,2.30254488270222e-08,1.10497229659496e-07,2.28453894122032e-07,3.16429569466542e-07,4.31791663461937e-07,5.81178137270816e-07,7.72466566944832e-07,1.01490864721016e-06,1.3191681002581e-06,1.69716382652069e-06,2.16160008339215e-06,2.72506815172827e-06,3.39864117623942e-06,4.18996214507881e-06,5.10094089649546e-06,6.12531328844273e-06,7.24644530904606e-06,8.43585005080915e-06,9.65289006204214e-06,1.08460375126543e-05,1.19558579528963e-05,1.29195962091916e-05,1.36769273810861e-05,1.41761604360169e-05,1.4380014775292e-05,1.42700807749496e-05,1.3849239133881e-05,1.31416256970311e-05,1.219012687161e-05,1.10517929530217e-05,9.79187915666511e-06,8.47740372082074e-06,7.17112099904854e-06,5.92665671070468e-06,4.78528794018053e-06,3.77453706037625e-06,2.90845337679043e-06,2.18923193105887e-06,1.18143824039565e-06,2.62334971054334e-07,1.17681270833161e-08,7.30907038684797e-12,8.19799942974673e-22,1.36325875236887e-79,0
0,8.1834864309321e-81,4.92116533105289e-23,4.38755139319714e-13,7.06459709595368e-10,1.58498659930258e-08,7.72873058326104e-08,1.63798574093258e-07,2.2883392766322e-07,3.15332355810353e-07,4.29093626357122e-07,5.7718153622589e-07,7.6806632234132e-07,1.01166203838144e-06,1.3191681002581e-06,1.70261033617897e-06,2.17398386956429e-06,2.7439374494087e-06,3.42001101125024e-06,4.20454131400894e-06,5.09246956249319e-06,6.06939468020702e-06,7.11028474677461e-06,8.17925674216849e-06,9.23074152393082e-06,1.02121665504768e-05,1.10680368104873e-05,1.1745020485535e-05,1.21974092723335e-05,1.23921824999241e-05,1.23129010290752e-05,1.19618037476344e-05,1.13597535717624e-05,1.05440274987781e-05,9.56429449399841e-06,8.47740372082075e-06,7.34175952910787e-06,6.21206487539372e-06,5.13508208954361e-06,4.14682887911839e-06,3.27135467342742e-06,2.52098583050244e-06,1.89773369294169e-06,1.02433087412523e-06,2.27473607715986e-07,1.02043583898309e-08,6.33782908015492e-12,7.10863576830358e-22,1.18210668487954e-79,0
0,5.49488452375466e-81,3.30436610907417e-23,2.94606564773139e-13,4.74365236906139e-10,1.06605976536435e-08,5.30195605045189e-08,1.15701866795172e-07,1.63230605579246e-07,2.27404065811035e-07,3.13163902556678e-07,4.26649356281789e-07,5.75335180224853e-07,7.68066322341322e-07,1.01490864721016e-06,1.32672560166838e-06,1.71439978858102e-06,2.18765335516154e-06,2.75348510788949e-06,3.41433126389468e-06,4.16615762855852e-06,4.99678216137341e-06,5.88478186074481e-06,6.79933162370849e-06,7.70123946304637e-06,8.54528277079523e-06,9.28373483156642e-06,9.87073858456399e-06,1.02669857595793e-05,1.04440430366885e-05,1.03876675547049e-05,1.0099581651501e-05,9.59741135212349e-06,8.91278898767e-06,8.08791644310873e-06,7.17112099904856e-06,6.21206487539373e-06,5.25727258941246e-06,4.34652642824943e-06,3.51048359096825e-06,2.76963682659766e-06,2.13452277931179e-06,1.60691749055555e-06,8.67494191111029e-07,1.92660850480575e-07,8.64273021832871e-09,5.36791705411454e-12,6.02076305460478e-22,1.00120254953258e-79,0
0,3.60384138595108e-81,2.1671813641825e-23,1.93218861361084e-13,3.11119032259018e-10,7.00672287868667e-09,3.57031283297208e-08,8.06136226405507e-08,1.14978907191906e-07,1.62108113924819e-07,2.26108691284524e-07,3.12162117131288e-07,4.26649356281787e-07,5.77181536225889e-07,7.72466566944831e-07,1.02193621948225e-06,1.33506773187339e-06,1.72036512269767e-06,2.1840202328359e-06,2.72834826218374e-06,3.35017604780651e-06,4.03943558350179e-06,4.77825856158858e-06,5.54085972919001e-06,6.29442512569205e-06,7.00108686006294e-06,7.62088650462163e-06,8.11543695720175e-06,8.45182909578354e-06,8.60623500824423e-06,8.56666233016477e-06,8.33442184932393e-06,7.92406627088534e-06,7.36180374103854e-06,6.68263490942016e-06,5.92665671070468e-06,5.13508208954361e-06,4.34652642824942e-06,3.5940163830993e-06,2.90301336620838e-06,2.29055175587893e-06,1.7654116914491e-06,1.32911000823245e-06,7.17608961574882e-07,1.59383518166172e-07,7.14995172218545e-09,4.44076677328263e-12,4.9808527689935e-22,8.2827416490818e-80,0
0,2.30865831545362e-81,1.38831894683832e-23,1.2377801444742e-13,1.99309927053428e-10,4.50064258444948e-09,2.36233187289254e-08,5.54640932932467e-08,8.0059265090225e-08,1.14323946398082e-07,1.61589543474837e-07,2.26108691284524e-07,3.13163902556678e-07,4.29093626357122e-07,5.81178137270817e-07,7.77323650182214e-07,1.02549209427629e-06,1.33285053216419e-06,1.70465973445246e-06,2.14298253638853e-06,2.64536007444912e-06,3.20366325092319e-06,3.80336034247657e-06,4.42343342134447e-06,5.03711648360293e-06,5.61351809897731e-06,6.12004544243839e-06,6.52539115929496e-06,6.80271301468435e-06,6.93256104762247e-06,6.90511057611195e-06,6.72134771190593e-06,6.39301325103368e-06,5.94130994906687e-06,5.39457644643355e-06,4.78528794018055e-06,4.1468288791184e-06,3.51048359096825e-06,2.90301336620839e-06,2.34505597979315e-06,1.85042807342834e-06,1.42626506150226e-06,1.07382308804608e-06,5.7983232892195e-07,1.28789572743471e-07,5.77752934664317e-09,3.58836843831018e-12,4.0247857598978e-22,6.69288216059286e-80,0
