0,0,0,0,0,0,0,0,0,0,0,0,0,0,0,0,0,0,0,0,0,0,0,0,0,0,0,0,0,0,0,0,0,0,0,0,0,0,0,0,0,0,0,0,0,0,0,0,0,0
0,7.37738017501415e-184,1.01716562518103e-90,5.69861230330793e-75,6.75124543961599e-74,7.11518427759061e-73,6.67076863262769e-72,5.56356380968931e-71,4.12779137155515e-70,2.72439374396028e-69,1.59959294410357e-68,8.35480956326326e-68,3.88196039775751e-67,1.60454948677507e-66,5.89987215959863e-66,1.92983223620458e-65,5.61544246606717e-65,1.45356975304733e-64,3.34715051782215e-64,6.85649364523118e-64,1.24944281249331e-63,2.02543429062445e-63,2.92083755206777e-63,3.74700367230544e-63,4.27610443993636e-63,4.34110168799209e-63,3.92047856953349e-63,3.14967453606747e-63,2.25102202554909e-63,1.43113722942707e-63,8.09413203706292e-64,4.07236559489022e-64,1.82268116071684e-64,7.25708349399586e-65,2.57040172943422e-65,8.09892467423749e-66,2.27008011632513e-66,5.66033949044348e-67,1.25554199838855e-67,2.47746472497329e-68,4.34881751818842e-69,6.79082219581569e-70,9.43324261997961e-71,1.16570086737731e-71,1.28144716598385e-72,1.25314625520196e-73,1.09016011064806e-74,4.3662584878754e-90,1.66540888113381e-149,0
0,1.43815256462587e-63,1.24064507069876e-44,6.95064311909024e-29,8.23454820193618e-28,8.67844733276627e-27,8.13639002545499e-26,6.78592344776251e-25,5.03470031515721e-24,3.32296499250495e-23,1.95103644357682e-22,1.01904291841699e-21,4.7348590259696e-21,1.95708246449468e-20,7.1961252324342e-20,2.35383408978741e-19,6.84921175653332e-19,1.77293599010929e-18,4.08256800779475e-18,8.36299907634409e-18,1.52398089141087e-17,2.47051170499103e-17,3.5627564001804e-17,4.57067694247458e-17,5.21646235061586e-17,5.29643161122859e-17,4.78433051434024e-17,3.84523396780743e-17,2.75009127561445e-17,1.75064672057366e-17,9.92341756436141e-18,5.01256234695554e-18,2.25923753542053e-18,9.10649346388211e-19,3.29534449847847e-19,1.07737892659661e-19,3.21409092152964e-20,8.87347050932812e-21,2.30638026876137e-21,5.73457739359393e-22,1.37517718680541e-22,3.16833381512707e-23,6.91706316016237e-24,1.40628904039743e-24,2.62145577207242e-25,4.42938663712966e-26,6.73272405392297e-27,2.02257285591845e-36,4.43981652668068e-52,0
0,3.34008855059657e-36,7.01340476214184e-26,4.91541267060901e-21,5.82127000443562e-20,6.13473020075715e-19,5.75150379791938e-18,4.79687179091487e-17,3.55895805196687e-16,2.34895837519977e-15,1.37916272510044e-14,7.2035010947472e-14,3.34703317656053e-13,1.3834558539271e-12,5.08698662085681e-12,1.66397902068609e-11,4.84206408931561e-11,1.25347252741305e-10,2.88676636553976e-10,5.91480410267172e-10,1.07828946387892e-09,1.74927256114432e-09,2.52588993880413e-09,3.24785306308245e-09,3.72167195768937e-09,3.80561822472063e-09,3.48073893284873e-09,2.85889932901563e-09,2.12245799880873e-09,1.43877917816518e-09,9.03410455206146e-10,5.34566720796779e-10,3.02806122656311e-10,1.65448728506446e-10,8.68031782118187e-11,4.31141056868636e-11,1.99229243606481e-11,8.43481691450326e-12,3.23524626263238e-12,1.1159477906239e-12,3.44598497329143e-13,9.50054766766119e-14,2.33495458904646e-14,5.11138496573685e-15,9.96307110756237e-16,1.72987446074374e-16,2.6814343842551e-17,5.8458882048658e-21,2.78406247260356e-31,0
0,4.97901399513971e-27,1.04547648767007e-16,3.14178362120036e-15,5.83615654363124e-15,9.78007296304159e-15,1.58503346894997e-14,3.32757060470337e-14,1.32109850884911e-13,7.53479078935775e-13,4.31521066983797e-12,2.24501192963111e-11,1.04249211041906e-10,4.30870964297134e-10,1.58436480032334e-09,5.18292159716338e-09,1.50839430835294e-08,3.9057087624709e-08,8.99855960450616e-08,1.84506309057415e-07,3.36783094007744e-07,5.47556940128874e-07,7.93720699236542e-07,1.02753362968702e-06,1.19143360362894e-06,1.24336170809852e-06,1.17700745678575e-06,1.02266050933455e-06,8.28519618202142e-07,6.36818113804116e-07,4.70558455863151e-07,3.35249047204845e-07,2.28237800324007e-07,1.46091170673177e-07,8.64350555939374e-08,4.66240269218661e-08,2.27110818774568e-08,9.93121468209348e-09,3.88690197060231e-09,1.36200241356219e-09,4.30426644331677e-10,1.26091412235433e-10,3.70875115969097e-11,1.27552189390311e-11,5.64334800790325e-12,2.8939731193531e-12,1.48021934411331e-12,4.81903826140968e-14,2.29503573008603e-24,0
0,5.59711749686578e-23,1.17526376656343e-12,3.530091713324e-11,6.54030880034819e-11,1.07796293931965e-10,1.58064456168636e-10,2.06295990379912e-10,2.40357122293344e-10,2.54668181660039e-10,2.72472591327382e-10,4.24375150991359e-10,1.24615291788625e-09,4.68222319599988e-09,1.69497747122603e-08,5.53205105184039e-08,1.60984965775731e-07,4.17006507942965e-07,9.61449082884021e-07,1.97364458251671e-06,3.60936606602432e-06,5.88662598232551e-06,8.57743004321678e-06,1.12003444748888e-05,1.3173286661682e-05,1.40688136754972e-05,1.38078812347613e-05,1.2651335941945e-05,1.10050044153991e-05,9.20043085486096e-06,7.40652740322363e-06,5.68722873820284e-06,4.09910716577206e-06,2.72796449983876e-06,1.6546093406938e-06,9.07051255776159e-07,4.48154152181536e-07,2.0097349372167e-07,8.44934744132261e-08,3.65393208004154e-08,1.90236502068843e-08,1.26874487194464e-08,9.5211117280358e-09,6.99015058201581e-09,4.70723792518993e-09,2.84559143892437e-09,1.53427900323751e-09,5.10588233185494e-11,2.43164335951728e-21,0
0,4.45373020781697e-21,9.35179177894219e-11,2.80895820086669e-09,5.2042301930763e-09,8.57739476153621e-09,1.25760166852967e-08,1.64031337837732e-08,1.90349903649203e-08,1.96659614486619e-08,1.81672614690401e-08,1.54140765949377e-08,1.38716392566531e-08,2.00121988505584e-08,5.21427892828906e-08,1.59690050437277e-07,4.60157948308812e-07,1.19101687978651e-06,2.74862944484475e-06,5.65208524216421e-06,1.03633775555297e-05,1.69680025905932e-05,2.48700896682847e-05,3.27656885318344e-05,3.90564289307517e-05,4.25382746697614e-05,4.29111057223513e-05,4.07358306772178e-05,3.69125211711308e-05,3.21447272865959e-05,2.67945480832542e-05,2.11084634489236e-05,1.54690982254839e-05,1.03996690598119e-05,6.35533432296921e-06,3.52518242814211e-06,1.80179217123814e-06,8.98590807539167e-07,4.99721127209514e-07,3.55227113907244e-07,3.07262661841687e-07,2.7568606253422e-07,2.32190761889502e-07,1.76835673585842e-07,1.20379139853892e-07,7.29985754929074e-08,3.93944553167613e-08,1.31146709250661e-09,6.24577700671591e-20,0
0,9.22616635836265e-21,1.93727914973055e-10,5.81892353213533e-09,1.0780871223868e-08,1.77685781275697e-08,2.60519271353908e-08,3.3979751675055e-08,3.94297885555087e-08,4.07238710351111e-08,3.75445169058951e-08,3.14608239587156e-08,2.65501800170432e-08,3.24200924987714e-08,7.47799869932768e-08,2.22038598042747e-07,6.36516256034886e-07,1.64646479483553e-06,3.80044302891377e-06,7.81841702607696e-06,1.43449606045903e-05,2.35097652851146e-05,3.45069948672408e-05,4.5555543964564e-05,5.44626442912328e-05,5.9563440998655e-05,6.04140629452803e-05,5.77305343697212e-05,5.26812765961454e-05,4.61739986539411e-05,3.86837530543798e-05,3.05780372220131e-05,2.24534761915088e-05,1.51127936572519e-05,9.24666432308191e-06,5.14483822153627e-06,2.65655397877421e-06,1.36521236053552e-06,8.0824669853203e-07,6.1686336782473e-07,5.56210548939959e-07,5.06933198587716e-07,4.29049126834666e-07,3.27232034786786e-07,2.2285215110078e-07,1.3515479147062e-07,7.29401888251469e-08,2.42825938286109e-09,1.15644278887931e-19,0
0,1.85625658380509e-20,3.89770467676008e-10,1.17073708168138e-08,2.16905504853842e-08,3.57494477093714e-08,5.24150691916564e-08,6.83650693091613e-08,7.93275631343533e-08,8.19137365618913e-08,7.54168302963697e-08,6.26666135230363e-08,5.04855608837948e-08,5.31054706788416e-08,1.05864721126346e-07,3.00801882465508e-07,8.55661450806333e-07,2.21112570725936e-06,5.10476931234575e-06,1.05071195875455e-05,1.92929714486601e-05,3.16542062714901e-05,4.65357737789044e-05,6.15774419528321e-05,7.38576691856682e-05,8.11366468043062e-05,8.27714468901536e-05,7.96337424583439e-05,7.3182376701654e-05,6.45461710113178e-05,5.43323345242767e-05,4.30785681875071e-05,3.16864587208651e-05,2.13482235664032e-05,1.30780737692928e-05,7.30410146755718e-06,3.81939715329039e-06,2.03415562898473e-06,1.28850535777715e-06,1.05169579235819e-06,9.82314127021336e-07,9.06651538269268e-07,7.70329534223409e-07,5.88187014638086e-07,4.00698167252796e-07,2.43036955717938e-07,1.31165401020808e-07,4.36668740446699e-09,2.07960656749795e-19,0
0,3.62722154945248e-20,7.61631690375752e-10,2.28768091548572e-08,4.23844589126847e-08,6.98562662378212e-08,1.02421695562649e-07,1.33588340706788e-07,1.55006109058038e-07,1.60036888702677e-07,1.47211042955608e-07,1.21631833405995e-07,9.4831412182455e-08,8.79768817990566e-08,1.48766595863346e-07,3.97623920345451e-07,1.11815696754488e-06,2.88491767763619e-06,6.661401321451e-06,1.37192971258019e-05,2.52137935195293e-05,4.14218570725228e-05,6.10071743366939e-05,8.09360219056593e-05,9.7427724917065e-05,0.000107549087299463,0.000110387692091398,0.000106947871573918,9.89766447227427e-05,8.78253624625107e-05,7.42524176734635e-05,5.9030059739722e-05,4.34798188783737e-05,2.93170988084615e-05,1.79839055444206e-05,1.0090637325642e-05,5.3593259335566e-06,2.97646207871647e-06,2.02457599101615e-06,1.75796416838894e-06,1.69112634684996e-06,1.57671109312668e-06,1.34373400024595e-06,1.02692097734377e-06,6.9976053468713e-07,4.24459277552816e-07,2.29082571083419e-07,7.62655631413066e-09,3.63209800226042e-19,0
0,6.88382005042273e-20,1.44544120886064e-09,4.34161065558557e-08,8.04381483360566e-08,1.32574734547532e-07,1.94378041381979e-07,2.53526169991775e-07,2.94168832795286e-07,3.0368758678311e-07,2.79181224917535e-07,2.29795457167028e-07,1.7513932539968e-07,1.46977811599345e-07,2.08805772701065e-07,5.13939846262259e-07,1.42096905025017e-06,3.65726691698318e-06,8.44563231826161e-06,1.74059667664965e-05,3.20229930988255e-05,5.26868294233008e-05,7.77616733962791e-05,0.000103466105808873,0.000125047773967793,0.000138765558458229,0.000143350420587764,0.000139883579655343,0.000130363556387268,0.000116345125663268,9.87574671242699e-05,7.86893211383522e-05,5.80211009848364e-05,3.91454812385882e-05,2.4048583268625e-05,1.35709933956523e-05,7.34683434918055e-06,4.28250577475425e-06,3.13389438469385e-06,2.87712531372643e-06,2.83601259960511e-06,2.6655118153147e-06,2.27711834202553e-06,1.74145155304439e-06,1.18688996686371e-06,7.19982321819661e-07,3.88584022075784e-07,1.29367209232763e-08,6.16102947200116e-19,0
0,1.26883247314234e-19,2.66425143363221e-09,8.00249939597407e-08,1.48264384063041e-07,2.4436304201908e-07,3.58279413103861e-07,4.67301075990736e-07,5.42208569662677e-07,5.59718276204843e-07,5.14344899719468e-07,4.22283017983295e-07,3.1687770004712e-07,2.46345448319467e-07,2.94493585795953e-07,6.51419475431991e-07,1.75711016849824e-06,4.50550832963336e-06,1.04042957229703e-05,2.14597525999258e-05,3.95298281848824e-05,6.51508373826441e-05,9.63900057456622e-05,0.000128677828329483,0.000156210846254325,0.000174338909512516,0.000181331940644577,0.000178251296118902,0.000167267436069079,0.000150095959247885,0.000127859011299695,0.000102063069549881,7.53073720969323e-05,5.08291303153927e-05,3.12795661106855e-05,1.77774109784014e-05,9.8504543563382e-06,6.06519763695346e-06,4.77500502842721e-06,4.6045082632904e-06,4.63011680843513e-06,4.37967676465885e-06,3.74859469309564e-06,2.86834463753158e-06,1.95523213429078e-06,1.18612137363496e-06,6.40173648580969e-07,2.13127400323231e-08,1.01500542716348e-18,0
0,2.27142505045011e-19,4.7694613553376e-09,1.43258294264943e-07,2.65418360276694e-07,4.37451224114425e-07,6.4138071554117e-07,8.36547065328602e-07,9.70637648788866e-07,1.00194079224822e-06,9.20472452584943e-07,7.54432401672656e-07,5.60173211095095e-07,4.11674073739721e-07,4.1928838187758e-07,8.12845670169999e-07,2.11597616773003e-06,5.39484211893677e-06,1.24552764884949e-05,2.57135868935162e-05,4.74343358774895e-05,7.83372295413939e-05,0.000116221867598055,0.000155736858758533,0.000189996052395202,0.000213362377241608,0.000223524014176003,0.000221379537155894,0.00020914422203431,0.000188628667731128,0.000161175996998757,0.000128831253535421,9.50869537010021e-05,6.41939815511149e-05,3.95838350018666e-05,2.26963025239936e-05,1.29334847362499e-05,8.46222106086821e-06,7.15347281243246e-06,7.1975345718803e-06,7.35561785552968e-06,6.99310376438823e-06,5.9943533323094e-06,4.588715886891e-06,3.12832183441165e-06,1.89783067876828e-06,1.02430779689031e-06,3.41015183180687e-08,1.62406270216128e-18,0
0,3.94922508809437e-19,8.29244902334034e-09,2.49076785255511e-07,4.61471024013938e-07,7.60576852211487e-07,1.11513980697684e-06,1.45446576973264e-06,1.68759551031645e-06,1.74197196890221e-06,1.60004570889662e-06,1.30992904375692e-06,9.65726152106481e-07,6.81755564514445e-07,6.03865423289269e-07,1.00347478543499e-06,2.48453766209541e-06,6.28027037942989e-06,1.44914712677518e-05,2.99484184662352e-05,5.53406451785726e-05,9.1610975957461e-05,0.000136351502977893,0.00018349128586707,0.000225089437336449,0.000254476070169129,0.000268623862177225,0.000268079367762545,0.000254929127938282,0.000230994022490118,0.000197876052074949,0.000158297272605491,0.000116822156365649,7.88713636033774e-05,4.8753301889194e-05,2.82608460167534e-05,1.66511293635091e-05,1.16358623649794e-05,1.05232708307761e-05,1.09779699210163e-05,1.13663502340104e-05,1.0849550276205e-05,9.31090165569262e-06,7.12994976258012e-06,4.86125592852298e-06,2.94921519007736e-06,1.5917794391598e-06,5.29940967092384e-08,2.52380950013603e-18,0
0,6.66875424961513e-19,1.40028242074199e-08,4.20596910169741e-07,7.79250809328672e-07,1.28432792137459e-06,1.88305111343009e-06,2.45604373859113e-06,2.84970358738973e-06,2.94146987817278e-06,2.70149357840723e-06,2.20998525750937e-06,1.62148913527041e-06,1.11293257044527e-06,8.78752204110606e-07,1.23281433202718e-06,2.84938886925394e-06,7.11060048258757e-06,1.63894288087578e-05,3.39104239446771e-05,6.27874611548424e-05,0.000104226257041245,0.000155702833975116,0.000210549221881963,0.000259863593364539,0.000295935920226635,0.000314882600292305,0.000316669227874292,0.000303041967467182,0.000275736816168215,0.000236666326982592,0.00018938059390721,0.000139685143318892,9.42963069453052e-05,5.84640135472437e-05,3.4349712449239e-05,2.10478273590909e-05,1.57684550392677e-05,1.51802714740824e-05,1.63238516478763e-05,1.70789751279345e-05,1.63540682088899e-05,1.40476791313186e-05,1.07600367102271e-05,7.33683089466467e-06,4.45118704815776e-06,2.40245326605151e-06,7.998354009896e-08,3.80916424453519e-18,0
0,1.09369667003764e-18,2.29650720862317e-08,6.89792160219995e-07,1.2779958328258e-06,2.10633816438894e-06,3.08826287391218e-06,4.02798752451121e-06,4.67359275450175e-06,4.82403213190926e-06,4.43011756811405e-06,3.62226708735611e-06,2.64916625945095e-06,1.78335183494607e-06,1.28696576976949e-06,1.51659558174751e-06,3.19944774628502e-06,7.83416315606126e-06,1.80219352982197e-05,3.73362694958695e-05,6.92931668593507e-05,0.000115397722743783,0.000173128906970144,0.000235401273597301,0.000292510852460438,0.000335742223202146,0.000360216929332806,0.000365065243755609,0.000351459046418525,0.000320955533871588,0.000275845568938703,0.000220662162683041,0.000162595009355725,0.000109734391246245,6.8292147243908e-05,4.07928629324652e-05,2.61539984569848e-05,2.10511884222984e-05,2.14443381072193e-05,2.36466629372486e-05,2.49478345120144e-05,2.39485609440912e-05,2.05859706491688e-05,1.57714015372032e-05,1.07545121572776e-05,6.52477269958189e-06,3.52165321204824e-06,1.1724466784233e-07,5.58370129722759e-18,0
0,1.74208128901281e-18,3.65796326150265e-08,1.09872695819155e-06,2.03563994181689e-06,3.35505481869373e-06,4.91910135034277e-06,6.41592884772739e-06,7.44426331800745e-06,7.68382486457172e-06,7.0560155066589e-06,5.76736973495957e-06,4.20893322389591e-06,2.796076700159e-06,1.88602769692518e-06,1.87853786941698e-06,3.52888149580395e-06,8.40545095898169e-06,1.92728442275603e-05,3.99830296549853e-05,7.44095044802369e-05,0.000124385930896113,0.0001875325409989,0.000256572043929273,0.000321213492998958,0.000371812995843602,0.000402373196236155,0.000410930890645428,0.000397849687523151,0.000364428432622873,0.00031341933433111,0.000250484467218838,0.000184297350484925,0.000124337725981508,7.77467822869326e-05,4.7383826171044e-05,3.198098688471e-05,2.76643466901425e-05,2.9627346009091e-05,3.33504829992974e-05,3.54199268891063e-05,3.4068012529802e-05,2.93011449105965e-05,2.24519433440407e-05,1.53106803771463e-05,9.28912728747368e-06,5.01369323675659e-06,1.66918675154373e-07,7.94939369220933e-18,0
0,2.69500324614379e-18,5.65887649801393e-08,1.69973280658265e-06,3.14913906855148e-06,5.19027650951076e-06,7.60985945916748e-06,9.92545320119718e-06,1.15162784969571e-05,1.18868147042754e-05,1.09152133444957e-05,8.91974520058391e-06,6.50012608570268e-06,4.27959299230886e-06,2.74847749599351e-06,2.35133646881045e-06,3.83965677151499e-06,8.79155616014215e-06,2.00517494613639e-05,4.16579656976598e-05,7.77752784293707e-05,0.000130583450721699,0.000197989328673979,0.000272777468011069,0.000344325764245131,0.000402177877848859,0.000439122794190845,0.000451869066385935,0.000439763958834989,0.000403794910986361,0.000347268629263679,0.000277097750058707,0.00020347929105887,0.00013722478665766,8.63159008419745e-05,5.38963003137928e-05,3.85129586824859e-05,3.57482091151108e-05,3.99865456618161e-05,4.57725642927491e-05,4.88694607609414e-05,4.70768772737495e-05,4.05077805727946e-05,3.10429525816536e-05,2.11699267709816e-05,1.28441180489329e-05,6.93247673851629e-06,2.30800161041074e-07,1.09917080437165e-17,0
0,4.04920271276452e-18,8.50237865195314e-08,2.55382352537005e-06,4.73153510011539e-06,7.79831404567002e-06,1.14337016462766e-05,1.49128457638075e-05,1.73030271470684e-05,1.78596862311676e-05,1.63994896853428e-05,1.33993933748868e-05,9.75521568563767e-06,6.38396321373426e-06,3.95984138349382e-06,2.97621164715985e-06,4.14304084250275e-06,8.97718031656453e-06,2.03058866805155e-05,4.224294419305e-05,7.91607660051484e-05,0.000133586892398337,0.000203852330071622,0.000283062285474026,0.000360539184728642,0.000425163850314997,0.000468461938751048,0.000485631922623005,0.00047484870562579,0.00043677037593191,0.00037535142207074,0.000298834028530511,0.000218905058520136,0.000147573336949424,9.35189217138614e-05,6.01018205562426e-05,4.56951316038682e-05,4.53659426460602e-05,5.26660212020043e-05,6.11090347898859e-05,6.55161167034154e-05,6.31896608230536e-05,5.43911615848496e-05,4.16865760424823e-05,2.84292193860149e-05,1.7248582205102e-05,9.30976128936941e-06,3.09946428289688e-07,1.47609977115514e-17,0
0,5.90879735221963e-18,1.24070924648595e-07,3.72666590302639e-06,6.90449059904222e-06,1.13796864650659e-05,1.66846241235862e-05,2.17615623493153e-05,2.5249423590242e-05,2.6061663783574e-05,2.39305029267866e-05,1.95507301816721e-05,1.42244595286289e-05,9.2709338635316e-06,5.61304782255513e-06,3.80039290957559e-06,4.45945095841793e-06,8.96715652134122e-06,2.00270281764423e-05,4.17090417352761e-05,7.84948843700638e-05,0.000133242253516113,0.0002048206872639,0.000286895268668528,0.000369005627924362,0.000439545903730579,0.000488788634476068,0.000510321003275356,0.000501063758953792,0.000461365930936484,0.000395909074364414,0.000314283802312104,0.000229551816355449,0.00015471204467849,9.89572174203403e-05,6.5785024907748e-05,5.34190475017103e-05,5.64626238710789e-05,6.76331517457002e-05,7.9334612358203e-05,8.53368321009061e-05,8.23852386990388e-05,7.0933378396965e-05,5.43691469218189e-05,3.70792493120262e-05,2.24968738382257e-05,1.21424998630909e-05,4.04256037437724e-07,1.92524317070753e-17,0
0,8.37429050089653e-18,1.75840514369964e-07,5.28164717971275e-06,9.78544474958064e-06,1.61279520140192e-05,2.36464173578744e-05,3.08417475442873e-05,3.57849375086731e-05,3.6936030628059e-05,3.39152763114648e-05,2.77062272136717e-05,2.01494818559719e-05,1.30968597252558e-05,7.79861657827524e-06,4.87212922532281e-06,4.81627853775937e-06,8.78585338558058e-06,1.92520522210122e-05,4.0118709038882e-05,7.58704102289416e-05,0.000129656067782248,0.000200961402468859,0.000284208247415923,0.000369401416724834,0.000444643375055446,0.000499034941156127,0.000524552765918485,0.000516870284079813,0.000476082742009126,0.000407647696842197,0.000322448453363113,0.000234724146505053,0.000158195756239631,0.000102354131725035,7.0753906761734e-05,6.15073991238976e-05,6.88274352847748e-05,8.4621026392133e-05,0.000100130180889461,0.000107986330807304,0.000104329698831076,8.98467885908083e-05,6.88701602157053e-05,4.6969627836014e-05,2.84977473807857e-05,1.53814432536528e-05,5.12089349432601e-07,2.43879232833736e-17,0
0,1.15270001554387e-17,2.42040043423141e-07,7.27005444268423e-06,1.34694184687946e-05,2.21997201087035e-05,3.25486983265781e-05,4.24528880936702e-05,4.92570560757346e-05,5.08414509512785e-05,4.66831377168906e-05,3.81349019359307e-05,2.77258392927539e-05,1.79884819085357e-05,1.05906413199132e-05,6.2332318141096e-06,5.24368043568992e-06,8.4734293485233e-06,1.80571080344814e-05,3.76153194548891e-05,7.15268898272544e-05,0.000123171633753179,0.00019268287352364,0.000275376260999755,0.000361927574752463,0.000440353701869137,0.000498741667462117,0.000527571322415522,0.000521368276629511,0.000480055098407103,0.000409868293307341,0.000322845010995309,0.000234128847789993,0.000157852068784816,0.000103578092136701,7.48441662061054e-05,6.97026644832502e-05,8.20681845836649e-05,0.000103090415820518,0.000122835236489158,0.00013274503186908,0.000128325792201247,0.000110530430537312,8.47288507560209e-05,5.7786090295687e-05,3.50605261817065e-05,1.89236746031825e-05,6.30019979315266e-07,3.00042930780689e-17,0
0,1.54100456684042e-17,3.23574917362459e-07,9.71908297574531e-06,1.80067971645095e-05,2.9678033825936e-05,4.35132228023938e-05,5.67537886410663e-05,6.58500365220004e-05,6.79681091374709e-05,6.24087185002807e-05,5.09794195862967e-05,3.70573061946845e-05,2.40133318666705e-05,1.40296027370543e-05,7.90973800273357e-06,5.76877217093239e-06,8.07953910141195e-06,1.65465519261814e-05,3.44023812775543e-05,6.58151988345011e-05,0.000114316330729086,0.000180668005445787,0.000261147294032369,0.000347253232176605,0.00042712665046848,0.000488072661376741,0.000519299125845244,0.000514368644562392,0.000473124773160294,0.000402528331200564,0.000315548326509209,0.000227898881224274,0.000153792247181607,0.000102645985146388,7.79188168708522e-05,7.76647769475549e-05,9.56076171991728e-05,0.000122224864585434,0.000146441992135971,0.000158512677311497,0.000153306775401252,0.000132064721041638,0.000101240128967793,6.90477243019838e-05,4.1893420803737e-05,2.26117017174759e-05,7.52804577004437e-07,3.58518299427614e-17,0
0,2.00083328073878e-17,4.20128192610446e-07,1.2619212878675e-05,2.33799430706421e-05,3.85338233534095e-05,5.6497369324749e-05,7.36888585328866e-05,8.5499378516323e-05,8.82494311729713e-05,8.103089573576e-05,6.61898809088624e-05,4.81077487251213e-05,3.11485639657487e-05,1.81042311095223e-05,9.90193616583397e-06,6.40908916167612e-06,7.65561125987248e-06,1.48387882808625e-05,3.07165349107696e-05,5.91509275474473e-05,0.000103730998103123,0.000165781481047287,0.000242538184320183,0.00032641792314154,0.000405890749251641,0.00046777433027829,0.000500325055592667,0.000496394983569962,0.000455840161489728,0.000386228913845938,0.000301166738119992,0.000216564597033426,0.000146386320163446,9.97080550793478e-05,7.9865847925328e-05,8.49826273733061e-05,0.000108708824302132,0.000140968880298218,0.000169643321251805,0.000183860932485111,0.000177887481861695,0.000153255499526391,0.000117488355794487,8.0130007022762e-05,4.86175068374034e-05,2.62410015576914e-05,8.73634004554301e-07,4.16062530970901e-17,0
0,2.52311606888765e-17,5.29795362748435e-07,1.59132392974613e-05,2.9482871270175e-05,4.85924088790123e-05,7.12450265379455e-05,9.29240547468315e-05,0.000107817500309318,0.000111285370162704,0.000102182352566661,8.34662828079064e-05,6.06593003852847e-05,3.92538591343937e-05,2.27357018498688e-05,1.21755574964048e-05,7.16649990357621e-06,7.24709773410282e-06,1.30515905528579e-05,2.67992653421493e-05,5.19651510691634e-05,9.20944577963092e-05,0.000148968601685367,0.000220716704344329,0.000300712359183999,0.000377948007239918,0.00043909130670327,0.000471836231712444,0.000468619088420333,0.000429384467797179,0.000362133395953346,0.000280758404385362,0.000200979567752095,0.000136208653807371,9.50190788341268e-05,8.05973448733201e-05,9.12020587584179e-05,0.000120532302460912,0.000158112086948643,0.000190937812594344,0.000207148446398721,0.000200475978782454,0.00017273030660327,0.000132421169698557,9.03151605940227e-05,5.4797277797981e-05,2.95765110743628e-05,9.84682361944246e-07,4.68948591260407e-17,0
0,3.09017380271694e-17,6.48864224263728e-07,1.94896603448276e-05,3.61089993239831e-05,5.95133100523966e-05,8.7256990306946e-05,0.000113808271195016,0.000132048939679957,0.000136296166286973,0.000125147120186217,0.000102223835219997,7.42871473894062e-05,4.80550729147636e-05,2.7768037895248e-05,1.46562345328944e-05,8.02286600992696e-06,6.88708047448172e-06,1.12893336095392e-05,2.28719293451592e-05,4.46605326647557e-05,8.00552857853641e-05,0.000131161785812864,0.000196888356502501,0.000271556153410071,0.000344852985845598,0.000403651084610475,0.000435504303506292,0.000432741187995733,0.000395446018530118,0.000331832745511914,0.000255704253733506,0.000182215350740857,0.000123964915647384,8.89025640660931e-05,8.00527470913556e-05,9.58694254625958e-05,0.0001302206322576,0.000172412731190771,0.000208783460361083,0.000226689019151691,0.000219436714074737,0.000189079049236562,0.000144957346927374,9.88657201800326e-05,5.99852820899256e-05,3.23767198599137e-05,1.07790909838225e-06,5.13347220107672e-17,0
0,3.67576665273025e-17,7.71825026670441e-07,2.31829819751211e-05,4.29517121204464e-05,7.07911769459609e-05,0.000103792328669914,0.000135375119014239,0.00015707241955256,0.000162124478790757,0.000148862535041282,0.000121594557789503,8.83606795950357e-05,5.71449412892345e-05,3.29683759918197e-05,1.72291834556406e-05,8.93858685711133e-06,6.59232252319885e-06,9.63393048096447e-06,1.91174354154301e-05,3.75784989976687e-05,6.81795509469731e-05,0.000113206317563764,0.000172201361822233,0.000240386346708429,0.000308289289322237,0.000363329981167217,0.00039333926709804,0.000390830457795719,0.000356049542490333,0.000297178746457769,0.000227558397581014,0.000161442992007572,0.000110413207865391,8.17148365874758e-05,7.82070612514243e-05,9.8585574982363e-05,0.00013699981076812,0.000182744234022555,0.000221779589702078,0.000240950521638488,0.000233283456519369,0.000201020343210425,0.000154114348484738,0.000105111529248729,6.37749067699653e-05,3.44221599959321e-05,1.14600751826243e-06,5.45778651099098e-17,0
0,4.24651155848172e-17,8.91668108052236e-07,2.67826579372601e-05,4.96209251581952e-05,8.17830889498467e-05,0.000119908406824308,0.000156395130685662,0.000181461419144577,0.000187297905283734,0.000171976643690015,0.000140474167980557,0.000102077555920307,6.60050809502162e-05,3.80395456794743e-05,1.97454035531227e-05,9.85473395618481e-06,6.36234370354143e-06,8.1403415652803e-06,1.56701537062251e-05,3.09801933258269e-05,5.69186639627943e-05,9.58109784537223e-05,0.000147676746526707,0.000208564657663964,0.000269952544198254,0.000320111425051262,0.00034752491622117,0.000345143783651741,0.000313369785536421,0.000260107859257543,0.000197897479832556,0.000139818779969907,9.62911917049082e-05,7.38143480977422e-05,7.50824969494432e-05,9.90614750654929e-05,0.00014028089865923,0.000188241197322468,0.000228847745175868,0.000248752564136021,0.000240870988692055,0.000207566771735723,0.000159135034106052,0.000108536166308635,6.58528162865186e-05,3.55437096647093e-05,1.18334708667834e-06,5.63561378487795e-17,0
0,4.76470522583995e-17,1.00047665846229e-06,3.00508943583403e-05,5.5676071560046e-05,9.17629225590344e-05,0.000134540599874496,0.00017547972843743,0.000203604805940221,0.000210153493669056,0.000192962529307258,0.000157615464579438,0.000114531558954075,7.40498489336137e-05,4.26452840538031e-05,2.20345534412304e-05,1.06988315551494e-05,6.18150376930992e-06,6.83656386852476e-06,1.26138692770034e-05,2.50409250667885e-05,4.65970491624461e-05,7.95235584358342e-05,0.000124164410609949,0.00017730619496161,0.000231445667194999,0.000275946528115473,0.000300250523039203,0.000297941446777273,0.00026954850159797,0.000222476714963211,0.000168187415318647,0.000118388343267576,8.22579221714096e-05,6.55390473161722e-05,7.07600002870628e-05,9.71648570781023e-05,0.000139743553306419,0.000188418724049943,0.000229379266002579,0.000249427677445553,0.000241551390905007,0.000208159611630264,0.000159590963708406,0.000108847402576126,6.60417020619709e-05,3.56456670669313e-05,1.18674162385691e-06,5.6517800481258e-17,0
0,5.19229208223974e-17,1.09025989772194e-06,3.27476755528799e-05,6.06724680390092e-05,9.9997769777678e-05,0.000146614335666419,0.000191227360401507,0.000221876393873346,0.000229012753948895,0.0002102790071873,0.000171759586838229,0.000124807974544736,8.06880088487029e-05,4.64457427646186e-05,2.39232630828344e-05,1.13935988946144e-05,6.02351539704405e-06,5.72723117319224e-06,9.98623253030349e-06,1.98555816491568e-05,3.74160879841314e-05,6.47272211197311e-05,0.000102321975779953,0.000147629130860074,0.000194190471651571,0.000232626534266191,0.000253553430593838,0.000251317626103121,0.000226533301786207,0.000185925839026032,0.000139680582708789,9.80179469772131e-05,6.88549709537226e-05,5.71921031736991e-05,6.53862861826492e-05,9.2947954814472e-05,0.000135385164689966,0.000183242295818869,0.000223321572620994,0.000242915504096497,0.000235265354866559,0.000202747547004905,0.000155442750224216,0.0001060183659612,6.4325258350792e-05,3.4719231036569e-05,1.15589811197594e-06,5.50488982235243e-17,0
0,5.49542825226462e-17,1.15391140354874e-06,3.46595489195929e-05,6.42146454232825e-05,0.000105835835212022,0.000155173967400643,0.000202391587653588,0.000234829970581097,0.000242382958293265,0.000222555458151803,0.000181786990296438,0.000132093300284974,8.53936684614946e-05,4.91383598594206e-05,2.52562986951222e-05,1.18673016924329e-05,5.85739684188648e-06,4.79949759125115e-06,7.78742603420882e-06,1.54512978127135e-05,2.94691511722382e-05,5.16517981522084e-05,8.26114470466611e-05,0.000120323643223406,0.000159359186485938,0.000191676574308115,0.000209186495004975,0.000207061354028876,0.000185952640618976,0.000151782436986592,0.000113350236774045,7.93562014010143e-05,5.64873804818528e-05,4.90343996279893e-05,5.91725751863862e-05,8.66497237216659e-05,0.000127525468795311,0.000173134351335185,0.000211186237424275,0.000229771578252874,0.000222550684050681,0.000191793993358829,0.000147045674441859,0.000100291370525489,6.08505056946302e-05,3.28437551108457e-05,1.093458446537e-06,5.20752496361215e-17,0
0,5.64889262228654e-17,1.18613533196301e-06,3.56274454321046e-05,6.60078924011212e-05,0.000108791388268659,0.000159507328511394,0.000208043539683233,0.000241387790486937,0.00024915169678197,0.000228770469370856,0.000186863364594081,0.000135781279582677,8.77748457348163e-05,5.04973811018826e-05,2.59170799083447e-05,1.20639343948101e-05,5.65368194156493e-06,4.02976875935447e-06,5.99066846821157e-06,1.18035686066076e-05,2.27624434331474e-05,4.03940676044008e-05,6.53088137759883e-05,9.59385595217915e-05,0.000127829332171334,0.000154279264832841,0.000168522105137972,0.000166559708993214,0.000149035885501494,0.000121006937660959,8.98629314382988e-05,6.28245206591038e-05,4.5421909841999e-05,4.12814223188649e-05,5.23831648988925e-05,7.86710626447657e-05,0.00011676527197462,0.000158916088272719,0.000193977183234281,0.000211088940420838,0.000204466295979889,0.000176211583686598,0.000135099452186898,9.21436547316887e-05,5.5907002895842e-05,3.01755272742882e-05,1.00462588304519e-06,4.78446563892514e-17,0
0,5.63954994058795e-17,1.18417358731694e-06,3.55685213376482e-05,6.58987222026317e-05,0.00010861145861065,0.00015924351994742,0.000207699457199338,0.000240988559579429,0.000248739621947841,0.000228392084242208,0.000186554192938764,0.000135556149646602,8.76273048755609e-05,5.04049071700148e-05,2.58438501725055e-05,1.19513943747749e-05,5.38975632759398e-06,3.39003163303661e-06,4.55256415089614e-06,8.85265697886851e-06,1.72373501024223e-05,3.09422269330062e-05,5.05227493432935e-05,7.47845461772737e-05,0.000100164621869737,0.000121234313153426,0.000132500467603242,0.00013074968824872,0.000116581473165645,9.41822578277876e-05,6.95849264334748e-05,4.8631237977532e-05,3.57982873544288e-05,3.41023797446828e-05,4.53145904947078e-05,6.95271806338303e-05,0.00010390707065416,0.000141695780731955,0.00017305304703727,0.000188347943834451,0.000182446624320513,0.000157236661484379,0.000120552003135199,8.22217463733227e-05,4.98870235471657e-05,2.6926275404665e-05,8.96449424031444e-07,4.26928226586388e-17,0
0,5.46820672082359e-17,1.14819551861495e-06,3.44878633006624e-05,6.38965590229726e-05,0.000105311578793772,0.000154405315169487,0.000201389043355025,0.00023366674165846,0.000241182305831857,0.000221452963526083,0.00018088614590311,0.000131437256836404,8.49634160549124e-05,4.88675632927126e-05,2.50384436344072e-05,1.1526152682235e-05,5.05345521567711e-06,2.8529078943351e-06,3.42195321018336e-06,6.51818557666989e-06,1.27913931277093e-05,2.32013068898818e-05,3.821966106064e-05,5.69525854154592e-05,7.66226134851226e-05,9.29563069807762e-05,0.000101624248162914,0.000100118920797232,8.89702394995415e-05,7.15399900155497e-05,5.26152824587757e-05,3.68024855214649e-05,2.76487155007987e-05,2.76202673715893e-05,3.82686116188058e-05,5.9785855912747e-05,8.98525643750139e-05,0.000122724856207577,0.000149949935601919,0.000163222885397331,0.00015811418110531,0.000136267711199705,0.000104475569935734,7.12569690474091e-05,4.32342904002567e-05,2.33354968647755e-05,7.76902594930651e-07,3.69994824239489e-17,0
0,5.14949631691874e-17,1.0812737879302e-06,3.24777635726239e-05,6.01723951106984e-05,9.91735709369039e-05,0.000145405915019564,0.000189651231162062,0.000220047647374411,0.000227125171093575,0.000208545731253112,0.000170343280667913,0.000123776298511169,8.00103872496003e-05,4.60155361293892e-05,2.35659659594131e-05,1.08136064036817e-05,4.64446961542847e-06,2.39499694634922e-06,2.54660247175636e-06,4.71085226009437e-06,9.29626191638538e-06,1.70175950320015e-05,2.82529711586522e-05,4.23456202483625e-05,5.71869156379754e-05,6.95079190735709e-05,7.59954508373223e-05,7.47491311043476e-05,6.6215873023794e-05,5.30143226040133e-05,3.88366903574828e-05,2.72225900702984e-05,2.09213318266121e-05,2.19125855570338e-05,3.15238453313868e-05,5.0002751955743e-05,7.54956024689677e-05,0.000103247757662264,0.000126196616829108,0.000137380417089375,0.000133084161734479,0.000114696932350619,8.7937580981418e-05,5.99773636359524e-05,3.63905345983589e-05,1.96416140774523e-05,6.53923133755702e-07,3.11426653120749e-17,0
0,4.70981587770875e-17,9.88951179130297e-07,2.97047084089055e-05,5.50346838701282e-05,9.07058147632466e-05,0.000132990693674268,0.000173458203420866,0.000201259276428764,0.000207732497755828,0.000190739425052031,0.000155798796889476,0.000113207737190253,7.31782209600818e-05,4.20841804994689e-05,2.15454918229269e-05,9.86415613626097e-06,4.17356807144518e-06,1.99847994893883e-06,1.87764370162696e-06,3.34103453754704e-06,6.61239001621856e-06,1.22009840687065e-05,2.03946019983152e-05,3.07199180426183e-05,4.16186039182232e-05,5.06610010786013e-05,5.53849134767537e-05,5.43912109307822e-05,4.80408343829985e-05,3.83127271344455e-05,2.79748700165098e-05,1.96774383149968e-05,1.55042706630914e-05,1.70131355041928e-05,2.53111242354823e-05,4.06646956976558e-05,6.16283376269381e-05,8.43704017683355e-05,0.000103152644014819,0.000112302989694172,0.000108793318816699,9.37627343561079e-05,7.18875540889785e-05,4.90305506232582e-05,2.97486931661672e-05,1.6056713073576e-05,5.34571967837795e-07,2.54586434096231e-17,0
0,4.18371851554924e-17,8.78483037666962e-07,2.63866235530596e-05,4.88871819797768e-05,8.05737647809936e-05,0.000118135324598939,0.000154082519596268,0.000178778148165429,0.000184528295161365,0.000169433385248567,0.000138395691376551,0.000100562082030582,6.50036635216683e-05,3.73818032720325e-05,1.91336343698707e-05,8.74588006130726e-06,3.66005020223576e-06,1.65125905697795e-06,1.37204035796765e-06,2.32456293774759e-06,4.60013405681809e-06,8.54456493226975e-06,1.43664484538692e-05,2.17314900584565e-05,2.95190811926459e-05,3.59746803597545e-05,3.93212266519699e-05,3.85578694821491e-05,3.39645322135431e-05,2.69923508042819e-05,1.96583328908946e-05,1.38956047539718e-05,1.12480166555939e-05,1.2915531112996e-05,1.97966194025395e-05,3.21491775961229e-05,4.88738580614931e-05,6.69656764893352e-05,8.18920505772468e-05,8.91620002861771e-05,8.63770120149252e-05,7.44437578852208e-05,5.70758398231999e-05,3.89283087621313e-05,2.36192826798302e-05,1.27483938269942e-05,4.24428961536638e-07,2.02131541393442e-17,0
0,3.60944422142304e-17,7.57898867273321e-07,2.27646878135993e-05,4.21767276748456e-05,6.95138806795488e-05,0.000101919587355486,0.000132932523515703,0.000154238329181524,0.000159199187226788,0.000146176264639835,0.000119398922633307,8.67584677394741e-05,5.60807687282656e-05,3.22497370115535e-05,1.65041286187428e-05,7.53527584502044e-06,3.12812543438848e-06,1.34607730515796e-06,9.93544866604302e-07,1.5861761789009e-06,3.12786450462528e-06,5.84094221817338e-06,9.86950536435631e-06,1.4982361694111e-05,2.03956403727986e-05,2.48783988437162e-05,2.71849392704869e-05,2.66195624399578e-05,2.33911744219759e-05,1.85324602869194e-05,1.34720793401189e-05,9.5836446004916e-06,7.98465926709962e-06,9.57880870193538e-06,1.50748423086045e-05,2.47042165968784e-05,3.7651841082681e-05,5.16250127947283e-05,6.31436809765728e-05,6.87526951146346e-05,6.660610970519e-05,5.74044855618996e-05,4.40119196223735e-05,3.00181321747139e-05,1.82131418239098e-05,9.83045562435682e-06,3.27282806567144e-07,1.55866314879829e-17,0
0,3.02438839268151e-17,6.350508267736e-07,1.90747531649963e-05,3.53402900269187e-05,5.82463562144809e-05,8.53994127831949e-05,0.000111385453397803,0.000129237795008181,0.000133394546016799,0.000122482511661266,0.000100045511514677,7.26957332681427e-05,4.69904894835026e-05,2.70218465613697e-05,1.38270984330151e-05,6.30778303353508e-06,2.6030114445296e-06,1.0791086609763e-06,7.12638338591523e-07,1.06120977988018e-06,2.07734369058121e-06,3.89486859101121e-06,6.60853733694998e-06,1.00618900712704e-05,1.37216909204408e-05,1.67489667717177e-05,1.82955653395228e-05,1.78915455138523e-05,1.5687185393564e-05,1.2395793314559e-05,9.00101631147906e-06,6.45355781818423e-06,5.54336136202799e-06,6.93499283920356e-06,1.11714482502294e-05,1.84483366963185e-05,2.81767094966977e-05,3.86552444609038e-05,4.72871641298267e-05,5.1489734450057e-05,4.98826796772352e-05,4.29915251631403e-05,3.29615555585913e-05,2.24812862542432e-05,1.36402518157726e-05,7.36226039229585e-06,2.45109825383772e-07,1.16731965311991e-17,0
0,2.46124099655686e-17,5.16803044719631e-07,1.55229945341993e-05,2.87598546717523e-05,4.74007637914362e-05,6.94978648680737e-05,9.06452507819274e-05,0.000105173449316808,0.000108556204570869,9.96760131324195e-05,8.14168261672475e-05,5.91596199311545e-05,3.82406879210168e-05,2.1990022550518e-05,1.12513728362606e-05,5.12965371635244e-06,2.10747281304253e-06,8.48451408340821e-07,5.05881543872986e-07,6.96009135356172e-07,1.34677002192084e-06,2.53199789439167e-06,4.31079100218855e-06,6.57958719910635e-06,8.98569697124538e-06,1.097362720036e-05,1.19824602334042e-05,1.1703700681426e-05,1.02416894180993e-05,8.07472408191831e-06,5.86115292552302e-06,4.24184045569133e-06,3.76185701047025e-06,4.89794263813444e-06,8.05390759186425e-06,1.33868094229331e-05,2.04820669315728e-05,2.81120640610649e-05,3.43938389064558e-05,3.74517600624435e-05,3.6283168045165e-05,3.12708242908013e-05,2.39753229982071e-05,1.63522682891242e-05,9.92154391547947e-06,5.35510574560024e-06,1.78286147440317e-07,8.49076219038813e-18,0
0,1.94531559482763e-17,4.08470777040492e-07,1.22690640160983e-05,2.27312131872496e-05,3.74646144522962e-05,5.49297206262618e-05,7.16441909537277e-05,8.31269881265893e-05,8.58006500883817e-05,7.87819243237784e-05,6.43502270671731e-05,4.675856955166e-05,3.02246322436163e-05,1.73803042820408e-05,8.89223595732724e-06,4.05228269245633e-06,1.65931273071673e-06,6.5283933727998e-07,3.55002109306959e-07,4.47467852198497e-07,8.51875875790003e-07,1.60385628810422e-06,2.73812775412708e-06,4.18766644245317e-06,5.72569457172768e-06,6.99492499553773e-06,7.63503059094513e-06,7.44920483038179e-06,6.50744840807081e-06,5.12114074777844e-06,3.71863035136919e-06,2.72064141329887e-06,2.49414513884257e-06,3.3724651620575e-06,5.64699531816065e-06,9.43821274704439e-06,1.44618828862744e-05,1.98568210031956e-05,2.42963529399879e-05,2.64572192818753e-05,2.56318684380643e-05,2.20909930027068e-05,1.69371606743755e-05,1.15519209654856e-05,7.00899067177599e-06,3.78306914447303e-06,1.25948740954984e-07,5.99822713643842e-18,0
0,1.49329409018549e-17,3.13556833137963e-07,9.41817401559998e-06,1.7449295325406e-05,2.87591830865036e-05,4.21660256077246e-05,5.49966531038387e-05,6.38112604587293e-05,6.58636593437244e-05,6.04758333130665e-05,4.93975435593784e-05,3.58935516739239e-05,2.32014900988771e-05,1.33416520677088e-05,6.82564978722958e-06,3.10948645603645e-06,1.2700563379262e-06,4.90743705619322e-07,2.45935017175334e-07,2.82008548485437e-07,5.25492546982044e-07,9.89459945691046e-07,1.69287151182666e-06,2.59332098461769e-06,3.54906603142206e-06,4.33687544913383e-06,4.73191000530387e-06,4.61215571776299e-06,4.02303111333887e-06,3.16137415481897e-06,2.29813291320931e-06,1.70228337339852e-06,1.61479318698577e-06,2.26263459120649e-06,3.84979911825937e-06,6.46491096020273e-06,9.91822641513132e-06,1.36224968039101e-05,1.66695478313983e-05,1.81524952468835e-05,1.75863175214297e-05,1.51569061523504e-05,1.16208024004015e-05,7.92592154572745e-06,4.80895880142909e-06,2.59561250364192e-06,8.64150549542511e-08,4.11546097002006e-18,0
0,1.11331990633418e-17,2.33771141527946e-07,7.02168493252674e-06,1.30092578313658e-05,2.14413029761145e-05,3.1436725015228e-05,4.10025520654316e-05,4.75742500962311e-05,4.91044085092269e-05,4.50875345872638e-05,3.68281560548284e-05,2.67603025447638e-05,1.72977733139039e-05,9.94676888487849e-06,5.08864565800537e-06,2.31760113946387e-06,9.44795523660592e-07,3.59907893929883e-07,1.67941697033191e-07,1.74256055976694e-07,3.16019107961919e-07,5.94276321541233e-07,1.01840295955926e-06,1.56216746266976e-06,2.13945773286191e-06,2.61479080076233e-06,2.85188841686805e-06,2.77724059222421e-06,2.41936914416356e-06,1.89911363520926e-06,1.38310152594922e-06,1.03878593403352e-06,1.0204325679818e-06,1.4784732848223e-06,2.55143126210325e-06,4.30198872183432e-06,6.60684054668526e-06,9.07677567928488e-06,1.11078051445763e-05,1.20961863447832e-05,1.17189604060453e-05,1.01000909879498e-05,7.74374404997628e-06,5.28158998606618e-06,3.20454210461702e-06,1.72963628076532e-06,5.75843329725838e-08,2.74241652636535e-18,0
0,8.06146462362588e-18,1.69271902597824e-07,5.08434856502247e-06,9.41990448482135e-06,1.55254841347003e-05,2.27630930832081e-05,2.96896355730006e-05,3.44481520497576e-05,3.55561280926747e-05,3.26475402487476e-05,2.66669869582918e-05,1.93769298351285e-05,1.25251795189668e-05,7.20235264790108e-06,3.68454575024971e-06,1.67779328358169e-06,6.82959600874748e-07,2.57258417002423e-07,1.12864791688923e-07,1.05598120343857e-07,1.85228308126398e-07,3.47367620275856e-07,5.95955552446879e-07,9.15124731743882e-07,1.2540258025306e-06,1.53278522868143e-06,1.6711686442846e-06,1.62613997996424e-06,1.41504588996e-06,1.10993779748814e-06,8.1044918563217e-07,6.1809247879815e-07,6.29120484073234e-07,9.40529528204542e-07,1.64356086350118e-06,2.7809230150541e-06,4.27462781820335e-06,5.87398335502938e-06,7.18875886983068e-06,7.82853459006789e-06,7.58442669729454e-06,6.53671275885212e-06,5.0117018312028e-06,3.41821165945828e-06,2.07395944056518e-06,1.1194096993686e-06,3.72682174413104e-08,1.77487469496064e-18,0
0,2.83173347926538e-18,5.94597800851745e-08,1.78596827301504e-06,3.30890975108592e-06,5.45360368848837e-06,7.99594314243449e-06,1.0429014945005e-05,1.21005288748264e-05,1.24897252505908e-05,1.14680317725569e-05,9.36725539621734e-06,6.80649163640623e-06,4.39968743034148e-06,2.5299300879653e-06,1.29416246960961e-06,5.8899124066689e-07,2.38706568963788e-07,8.68228117912964e-08,3.01903226719381e-08,1.44403085703743e-08,1.64247923305687e-08,2.85547071522472e-08,4.87968483716585e-08,7.51456750568586e-08,1.03148507969462e-07,1.26045967813525e-07,1.37128259600893e-07,1.32928647272441e-07,1.15233704580625e-07,9.07561782217497e-08,6.92677015897454e-08,6.22561769243513e-08,8.334997494199e-08,1.49174022307893e-07,2.76996223012604e-07,4.76097942481602e-07,7.34617958967087e-07,1.01040896043916e-06,1.23684972062052e-06,1.34700162078286e-06,1.30501849754198e-06,1.12474723204923e-06,8.62345266515894e-07,5.88159375432609e-07,3.56858760509652e-07,1.92612814780852e-07,6.41260864608303e-09,3.05396329527759e-19,0
0,2.65589496530264e-19,5.57675825505951e-09,1.67506729684229e-07,3.10344063553244e-07,5.11495827028517e-07,7.4994293390721e-07,9.78141780937217e-07,1.13491378871857e-06,1.1714166835346e-06,1.07559161400503e-06,8.78558894836462e-07,6.38383749213717e-07,4.1264847071629e-07,2.3728274682482e-07,1.21377964224957e-07,5.5233628210915e-08,2.23602647096556e-08,8.05618500170242e-09,2.59192184564647e-09,7.66067001507349e-10,2.54324040472309e-10,1.74576555135833e-10,2.38358324735732e-10,3.56313277375203e-10,4.87333085297422e-10,5.95037263790793e-10,6.47210353806591e-10,6.29038565934387e-10,5.54772431165203e-10,4.73223479724401e-10,4.74600146455909e-10,7.11011022025566e-10,1.42956823668855e-09,2.98494761953075e-09,5.7685452315526e-09,1.00065161894432e-08,1.54719374714223e-08,2.12902821389502e-08,2.60643270936361e-08,2.83862497065005e-08,2.75016620387722e-08,2.37026966818436e-08,1.81728959624047e-08,1.23947568632765e-08,7.52037259598723e-09,4.05908527565467e-09,1.3513807688539e-10,6.43586330275234e-21,0
0,8.52834881424986e-22,1.7907537863221e-11,5.37881142945945e-10,9.96546347273263e-10,1.64246511511999e-09,2.40814302323654e-09,3.1409127268229e-09,3.64432358611312e-09,3.76153809337691e-09,3.45383405051392e-09,2.82114195242697e-09,2.0499151338476e-09,1.32505618663497e-09,7.6193895265749e-10,3.89756646073277e-10,1.77359459131925e-10,7.17964021624992e-11,2.58546542027261e-11,8.28255771267027e-12,2.36046100108197e-12,5.98662707483283e-13,1.3551367828051e-13,2.80594118891528e-14,6.35491274874676e-15,2.86145755049003e-15,2.68440030452985e-15,2.90440089182081e-15,3.20477889555542e-15,4.37000990237101e-15,9.01295606077874e-15,2.38345143856047e-14,6.35842117121346e-14,1.55671732803546e-13,3.41425737868537e-13,6.67170528630974e-13,1.16014003468231e-12,1.79474669445426e-12,2.46996212229986e-12,3.0238928698148e-12,3.29329251416834e-12,3.19066901261233e-12,2.7499239767571e-12,2.10837129222488e-12,1.43800690496359e-12,8.72493738317278e-13,4.70924338293719e-13,1.56783622725021e-14,7.46671839073374e-25,0
0,1.20646895011105e-29,2.53330262111404e-19,7.60917396730101e-18,1.40977140067591e-17,2.32352499433636e-17,3.40669671027871e-17,4.44331459987752e-17,5.15546836388347e-17,5.32128670292705e-17,4.88599098317688e-17,3.99094859226565e-17,2.89992707054036e-17,1.87450018886604e-17,1.07788237577872e-17,5.51372019695534e-18,2.50902821815435e-18,1.01567283736523e-18,3.65754434561435e-19,1.17169029501598e-19,3.33905471042018e-20,8.46489757092554e-21,1.90900624709951e-21,3.8298385118521e-22,6.8350398044204e-23,1.0851486604106e-23,1.53260461350054e-24,1.92648211522173e-25,2.19477294619951e-26,3.82340803675762e-27,6.0970779646214e-27,1.84565120367866e-26,5.12119149873999e-26,1.26506795345284e-25,2.78005097785381e-25,5.4347477293446e-25,9.45134256697783e-25,1.46216064898082e-24,2.0122602534813e-24,2.46354600326216e-24,2.68302471989129e-24,2.59941811728867e-24,2.24034591166167e-24,1.71767694489909e-24,1.17153525925168e-24,7.10815208531105e-25,3.83659122161464e-25,1.27730639877943e-26,6.0830889174538e-37,0
0,9.89145708046072e-76,2.07697464126713e-65,6.23852090916958e-64,1.15582695284144e-63,1.90498460443098e-63,2.79304281247903e-63,3.64293301171388e-63,4.22680534350522e-63,4.36275455161804e-63,4.00586936789079e-63,3.27205243923491e-63,2.3775584238679e-63,1.53684337784052e-63,8.83721645452939e-64,4.52052468294632e-64,2.05707282655341e-64,8.32718013809078e-65,2.99870484948627e-65,9.60631789460939e-66,2.73758527763055e-66,6.94010160853595e-67,1.56513380285384e-67,3.13996338229946e-68,5.60383275856133e-69,8.89678750680298e-70,1.25651807440265e-70,1.57867136774881e-71,1.76442090395357e-72,1.75428490556152e-73,1.55162057091305e-74,1.2208390178377e-75,8.54513135244569e-77,5.3206728319739e-78,2.94714726189534e-79,1.45219383624998e-80,6.36553354483124e-82,2.48217560556062e-83,8.61028774614909e-85,2.65699236300832e-86,7.29374806221469e-88,1.78119805816371e-89,3.87433964767735e-91,7.8634588327603e-93,3.91800392920797e-94,1.61691160363185e-94,8.62376898506992e-95,2.87019869271079e-96,1.36691352013921e-106,0
0,0,0,0,0,0,0,0,0,0,0,0,0,0,0,0,0,0,0,0,0,0,0,0,0,0,0,0,0,0,0,0,0,0,0,0,0,0,0,0,0,0,0,0,0,0,0,0,0,0
