0,0,0,0,0,0,0,0,0,0,0,0,0,0,0,0,0,0,0,0,0,0,0,0,0,0,0,0,0,0,0,0,0,0,0,0,0,0,0,0,0,0,0,0,0,0,0,0,0,0
0,1.60782846007693e-152,9.66872706733934e-95,8.62032344495902e-85,1.3879334587049e-81,3.09385862219432e-80,1.39262839974958e-79,2.5781125191091e-79,3.42375058800732e-79,4.44108685479294e-79,5.62682370773398e-79,6.96344653286999e-79,8.41728586695239e-79,9.93817873966844e-79,1.14611560214972e-78,1.29103180337604e-78,1.42047093527384e-78,1.52656273941111e-78,1.60244767989969e-78,1.64300904518488e-78,1.64544338820861e-78,1.6095809758334e-78,1.53790536027423e-78,1.4352689374867e-78,1.30834975037422e-78,1.16493399986535e-78,1.01313117826216e-78,8.60630900783474e-79,7.14093508031422e-79,5.78735508233889e-79,4.58133519822782e-79,3.54234537943073e-79,2.67532551662016e-79,1.97355509839453e-79,1.42203005189098e-79,1.00081818544888e-79,6.88000092585063e-80,4.61964603105811e-80,3.02981281648415e-80,1.94092963700125e-80,1.21448087336103e-80,7.42264110769303e-81,4.43111621320279e-81,8.7125586251715e-82,1.39848272659545e-83,4.44666696878218e-87,4.91298215680878e-95,7.30975430171457e-119,5.40932290165797e-253,0
0,9.66872706738403e-95,5.8143194640714e-37,5.18385864483911e-27,8.34638155320738e-24,1.86050162351517e-22,8.37461472900053e-22,1.55035608059077e-21,2.05888319582643e-21,2.67066156295591e-21,3.38370815278163e-21,4.18749049705349e-21,5.06176135803804e-21,5.97635507559898e-21,6.89220225914273e-21,7.76366039792482e-21,8.54204669300189e-21,9.18003309749709e-21,9.63636957637348e-21,9.88028662359645e-21,9.89492562201554e-21,9.67926587606388e-21,9.24824230518169e-21,8.63103494522633e-21,7.86780241745635e-21,7.00536728630561e-21,6.09249623906105e-21,5.17543101894973e-21,4.29422379388421e-21,3.48024420033564e-21,2.75500034585443e-21,2.13020054704627e-21,1.60881542272059e-21,1.1868035721863e-21,8.55142248986813e-22,6.01845166910209e-22,4.13731021854258e-22,2.77803868579911e-22,1.82198747660221e-22,1.16718414825571e-22,7.30331897006232e-23,4.46362860040399e-23,2.66466568624294e-23,5.23932456086369e-24,8.4098199078125e-26,2.67401718207237e-29,2.95443728859232e-37,8.79148752840521e-61,7.30975430167646e-119,0
0,8.62032344500151e-85,5.1838586448406e-27,4.62176022761294e-17,7.44136307526446e-14,1.65876290155647e-12,7.46653485905213e-12,1.38224719515702e-11,1.8356334768612e-11,2.38107522576679e-11,3.01680443736172e-11,3.73343070457847e-11,4.51290224698007e-11,5.32832434042237e-11,6.14486398348098e-11,6.92182779400642e-11,7.61581176750368e-11,8.18461975247842e-11,8.59147455565038e-11,8.80894308345811e-11,8.82199473966473e-11,8.62971950520896e-11,8.24543286984359e-11,7.6951508070736e-11,7.01467744105326e-11,6.24575825152449e-11,5.43187203510662e-11,4.61424643019266e-11,3.82859065058646e-11,3.10287284667992e-11,2.45626894954185e-11,1.89921771449492e-11,1.43436764891748e-11,1.05811557103904e-11,7.62417092776726e-12,5.36585630125426e-12,3.68869159889918e-12,2.47680918825054e-12,1.62442493951539e-12,1.04062353031019e-12,6.51140232177379e-13,3.97962649134998e-13,2.37572950444185e-13,4.67121188183961e-14,7.49792359996585e-16,2.38410939749782e-19,5.26816091676713e-27,2.95443728859364e-37,4.91298215678649e-95,0
0,1.38793345871155e-81,8.34638155320874e-24,7.44136307526354e-14,1.19811244399129e-10,2.67072639346109e-09,1.20216530450874e-08,2.22551653455641e-08,2.95550081580936e-08,3.83370100225459e-08,4.85727050317825e-08,6.0110901244488e-08,7.26609525242937e-08,8.57898351301034e-08,9.89367134805742e-08,1.1144639574361e-07,1.22620047145684e-07,1.31778280151714e-07,1.38328956176335e-07,1.41830383064364e-07,1.42040557376702e-07,1.38944826619992e-07,1.32757578671876e-07,1.23897687788709e-07,1.12941624022996e-07,1.00561517198298e-07,8.74574046580561e-08,7.42930785846554e-08,6.16434809014785e-08,4.99589174035755e-08,3.95481335492072e-08,3.05792007792953e-08,2.30947627239121e-08,1.70368070058501e-08,1.22758151457471e-08,8.63972770794789e-09,5.93933098945691e-09,3.98807195033299e-09,2.61563240565296e-09,1.67563359973188e-09,1.04850496262801e-09,6.40842890213967e-10,3.82580667357208e-10,7.52483519354271e-11,1.2157754232811e-12,7.67703522977248e-16,2.38410939749818e-19,2.67401718207356e-29,4.44666696876199e-87,0
0,3.09385862220932e-80,1.86050162351553e-22,1.65876290155632e-12,2.67072639346116e-09,5.9533484868582e-08,2.67976819259397e-07,4.96096307082693e-07,6.58820536168866e-07,8.54585239775919e-07,1.08275658204537e-06,1.33996526029099e-06,1.61973364393256e-06,1.91241061484596e-06,2.20549622581275e-06,2.48438738587618e-06,2.73350818081418e-06,2.93771602543766e-06,3.08381278543989e-06,3.16195323000053e-06,3.16674240567583e-06,3.097852010546e-06,2.960057900858e-06,2.76269274626007e-06,2.51860095569109e-06,2.24275841226363e-06,1.95076272624411e-06,1.65740384200109e-06,1.37549208948113e-06,1.11506109687742e-06,8.82991000251505e-07,6.83028446235843e-07,5.16126430094177e-07,3.80996210127174e-07,2.74756598949457e-07,1.93578996660435e-07,1.33252610152445e-07,8.96255188377046e-08,5.8906751174469e-08,3.78376935177261e-08,2.37558921796371e-08,1.45807891690334e-08,8.75080397822837e-09,1.7976414837335e-09,5.38205156721893e-11,1.21577542328102e-12,7.49792359996531e-16,8.40981990781426e-26,1.39848272658879e-83,0
0,1.39262839975626e-79,8.37461472900201e-22,7.46653485905129e-12,1.20216530450875e-08,2.67976819259392e-07,1.20627903823981e-06,2.23328474687188e-06,2.96590035747418e-06,3.84732697358386e-06,4.87475233630474e-06,6.03306471112832e-06,7.29317618890219e-06,8.61172975828187e-06,9.93255900938857e-06,1.11900401756998e-05,1.23141721029458e-05,1.32368941762126e-05,1.38988734981331e-05,1.42558278413659e-05,1.42834482451232e-05,1.39801590531497e-05,1.33672778620315e-05,1.24865512600865e-05,1.13954605260926e-05,1.01610295284759e-05,8.85305958708497e-06,7.53773275472635e-06,6.27237602158039e-06,5.10190948267508e-06,4.05717761198377e-06,3.15505359971517e-06,2.3999680702723e-06,1.78637728639311e-06,1.30165710476939e-06,9.28969637549023e-07,6.49767968913873e-07,4.4574476714637e-07,3.00162477249732e-07,1.98605394044183e-07,1.29258369448469e-07,8.28443077736463e-08,5.23506962131867e-08,1.50928496132915e-08,1.79764148373358e-09,7.52483519354236e-11,4.67121188183939e-14,5.23932456086492e-24,8.71255862513024e-82,0
0,2.57811251912152e-79,1.55035608059106e-21,1.38224719515688e-11,2.22551653455645e-08,4.96096307082689e-07,2.2332847468719e-06,4.13515981673216e-06,5.49194365635534e-06,7.12451819902987e-06,9.0278195025155e-06,1.11740615254814e-05,1.35096378739326e-05,1.5954580819168e-05,1.84052577587108e-05,2.07405610616376e-05,2.28312848318174e-05,2.45517807775564e-05,2.57924714719365e-05,2.64714969462128e-05,2.65437684899495e-05,2.60060278902377e-05,2.48971125796353e-05,2.32933918570064e-05,2.13001108962008e-05,1.9040000242135e-05,1.66408586190488e-05,1.42238412256144e-05,1.18939045050415e-05,9.73335655295838e-06,7.79886308897811e-06,6.1216904686562e-06,4.71053230222835e-06,3.55602256551917e-06,2.63599306776613e-06,1.92065205501707e-06,1.37708341173223e-06,9.72725937036347e-07,6.77732899156616e-07,4.66296384102909e-07,3.17133678568088e-07,2.13377493663736e-07,1.42103669223441e-07,5.23506962131845e-08,8.75080397822818e-09,3.82580667357164e-10,2.37572950444157e-13,2.66466568624339e-23,4.43111621318157e-81,0
0,3.42375058802382e-79,2.05888319582682e-21,1.83563347686101e-11,2.95550081580942e-08,6.58820536168862e-07,2.96590035747421e-06,5.49194365635535e-06,7.29404780437677e-06,9.46256939965451e-06,1.19908611402794e-05,1.48421264875515e-05,1.79453083009216e-05,2.11943711208401e-05,2.4451878907654e-05,2.75572066591846e-05,3.03389777718133e-05,3.26305211540989e-05,3.42864607863786e-05,3.5198150375321e-05,3.53056645570688e-05,3.46044901487202e-05,3.31458613709098e-05,3.1030698136583e-05,2.83981295922454e-05,2.54104071105733e-05,2.22364724736223e-05,1.9036475744136e-05,1.59491609389615e-05,1.30833695645803e-05,1.05141164909932e-05,8.2829398836198e-06,6.40165309954708e-06,4.85830747385931e-06,3.62411970216211e-06,2.66027902566391e-06,1.92384706381596e-06,1.37230840057379e-06,9.66647888539772e-07,6.73072317762994e-07,4.63640193873349e-07,3.1611919415754e-07,2.13377493663739e-07,8.28443077736443e-08,1.45807891690333e-08,6.40842890213906e-10,3.9796264913496e-13,4.46362860040481e-23,7.42264110765748e-81,0
0,4.44108685481434e-79,2.6706615629564e-21,2.38107522576655e-11,3.83370100225466e-08,8.54585239775911e-07,3.84732697358389e-06,7.12451819902986e-06,9.46256939965448e-06,1.2276186533533e-05,1.55568741585688e-05,1.92570713401885e-05,2.32848237632329e-05,2.7502853914374e-05,3.1733196711794e-05,3.5767837159937e-05,3.93848187460423e-05,4.2368257565373e-05,4.45298152857016e-05,4.572866754882e-05,4.58870053955281e-05,4.4998669845145e-05,4.31295590820282e-05,4.04097639552036e-05,3.70187120817534e-05,3.31656627599658e-05,2.90684879718483e-05,2.49337062029295e-05,2.09402427320758e-05,1.72285208225387e-05,1.38954565995336e-05,1.09949574824452e-05,8.54278585948361e-06,6.52424350436825e-06,4.90306808124005e-06,3.63014843303314e-06,2.65105455754244e-06,1.91182596382401e-06,1.36287141587672e-06,9.61141517989829e-07,6.70919215082061e-07,4.63640193873342e-07,3.17133678568088e-07,1.29258369448464e-07,2.37558921796365e-08,1.04850496262789e-09,6.51140232177303e-13,7.30331897006355e-23,1.21448087335518e-80,0
0,5.62682370776109e-79,3.38370815278225e-21,3.0168044373614e-11,4.85727050317833e-08,1.08275658204536e-06,4.87475233630477e-06,9.02781950251547e-06,1.19908611402794e-05,1.55568741585688e-05,1.97152979336561e-05,2.44061437822191e-05,2.95132527681726e-05,3.48631194889087e-05,4.02307570701629e-05,4.53531526683226e-05,4.99496373525295e-05,5.37471864313696e-05,5.65075519722185e-05,5.80524786810826e-05,5.82832596214579e-05,5.71916043784559e-05,5.48601107810201e-05,5.14522980708675e-05,4.71938336359334e-05,4.23479239116167e-05,3.71885825084613e-05,3.19755191121673e-05,2.69337602237654e-05,2.22400072573804e-05,1.80164309660738e-05,1.43313741035734e-05,1.12055087678406e-05,8.62149234025932e-06,6.53509659738326e-06,4.88606678371581e-06,3.6074655607197e-06,2.63282398977781e-06,1.90093552242478e-06,1.35851170292783e-06,9.61141517989835e-07,6.73072317762988e-07,4.66296384102911e-07,1.98605394044177e-07,3.78376935177256e-08,1.6756335997317e-09,1.04062353031007e-12,1.16718414825592e-22,1.9409296369919e-80,0
0,6.96344653290374e-79,4.18749049705426e-21,3.7334307045781e-11,6.01109012444893e-08,1.33996526029098e-06,6.0330647111284e-06,1.11740615254815e-05,1.48421264875516e-05,1.92570713401886e-05,2.44061437822192e-05,3.02155276384891e-05,3.65420118955995e-05,4.31715379852315e-05,4.98264450012628e-05,5.61820866351735e-05,6.18919784151516e-05,6.6619018361481e-05,7.00689498587958e-05,7.20214364141218e-05,7.2354130876468e-05,7.10560132225138e-05,6.82279053684468e-05,6.40701327609452e-05,5.88593681749644e-05,5.29183387276991e-05,4.65829819462197e-05,4.01716598484238e-05,3.39602451705971e-05,2.81655190672805e-05,2.2937703542783e-05,1.83614420954211e-05,1.44634120638976e-05,1.12241491556275e-05,8.59159747566628e-06,6.49426224462638e-06,4.85246665604227e-06,3.58691615244085e-06,2.62440180357105e-06,1.9009355224248e-06,1.36287141587674e-06,9.66647888539775e-07,6.77732899156628e-07,3.00162477249727e-07,5.8906751174469e-08,2.61563240565272e-09,1.62442493951523e-12,1.82198747660255e-22,3.02981281646964e-80,0
0,8.41728586699296e-79,5.06176135803897e-21,4.5129022469796e-11,7.26609525242952e-08,1.61973364393255e-06,7.29317618890227e-06,1.35096378739326e-05,1.79453083009216e-05,2.32848237632329e-05,2.95132527681728e-05,3.65420118955994e-05,4.41988150013601e-05,5.22259216227286e-05,6.02888750770936e-05,6.79965355677654e-05,7.49313840803167e-05,8.06871246696886e-05,8.49089586689492e-05,8.7330947508914e-05,8.78049060979792e-05,8.63163544388249e-05,8.2985034769652e-05,7.80499910102522e-05,7.18416946995131e-05,6.47456742102088e-05,5.71631764300003e-05,4.94743957751462e-05,4.20088261729874e-05,3.50256196838638e-05,2.87048832488076e-05,2.3149033424232e-05,1.83919863935941e-05,1.44132604511442e-05,1.11540154002672e-05,8.53251543997566e-06,6.45726861458651e-06,4.83694401651223e-06,3.58691615244084e-06,2.63282398977783e-06,1.91182596382403e-06,1.37230840057379e-06,9.7272593703636e-07,4.45744767146362e-07,8.9625518837704e-08,3.98807195033261e-09,2.47680918825029e-12,2.77803868579962e-22,4.61964603103598e-80,0
0,9.93817873971633e-79,5.97635507560008e-21,5.32832434042181e-11,8.57898351301051e-08,1.91241061484595e-06,8.61172975828194e-06,1.59545808191679e-05,2.11943711208401e-05,2.7502853914374e-05,3.48631194889088e-05,4.31715379852313e-05,5.22259216227285e-05,6.17234632012446e-05,7.12710235917733e-05,8.04087054207716e-05,8.86454930501956e-05,9.5503445568052e-05,0.000100564987250044,0.000103516723825609,0.000104183257090432,0.000102545764320734,9.87424522503907e-05,9.30509314658998e-05,8.58554797094978e-05,7.76044669555905e-05,6.87644495215598e-05,5.97774140078983e-05,5.10264682072894e-05,4.28132869781149e-05,3.53483180761273e-05,2.87526338834481e-05,2.30687645806992e-05,1.8277064624787e-05,1.43141444519597e-05,1.10904781571388e-05,8.50522062872859e-06,6.45726861458648e-06,4.85246665604224e-06,3.6074655607197e-06,2.65105455754246e-06,1.92384706381595e-06,1.37708341173224e-06,6.49767968913858e-07,1.33252610152444e-07,5.93933098945631e-09,3.68869159889878e-12,4.13731021854333e-22,6.88000092581748e-80,0
0,1.14611560215524e-78,6.892202259144e-21,6.14486398348035e-11,9.89367134805761e-08,2.20549622581273e-06,9.93255900938868e-06,1.84052577587108e-05,2.4451878907654e-05,3.17331967117941e-05,4.02307570701631e-05,4.98264450012626e-05,6.02888750770935e-05,7.12710235917734e-05,8.23220496941141e-05,9.29143665001658e-05,0.000102484539897448,0.000110483957816826,0.000116432988394162,0.000119971078063684,0.000120895312533335,0.000119181473261051,0.000114984333192284,0.000108617316874975,0.000100514999908282,9.11845443367424e-05,8.11535439383315e-05,7.09216745819525e-05,6.09221397948847e-05,5.14965857784273e-05,4.2884506972516e-05,3.52257484395986e-05,2.85729739232332e-05,2.29101270774695e-05,1.81729519571007e-05,1.42683546876484e-05,1.10904781571388e-05,8.53251543997565e-06,6.49426224462635e-06,4.88606678371584e-06,3.63014843303317e-06,2.6602790256639e-06,1.92065205501709e-06,9.28969637549004e-07,1.93578996660433e-07,8.63972770794703e-09,5.3658563012537e-12,6.01845166910319e-22,1.00081818544408e-79,0
0,1.29103180338226e-78,7.76366039792624e-21,6.92182779400569e-11,1.11446395743613e-07,2.48438738587615e-06,1.11900401756999e-05,2.07405610616375e-05,2.75572066591845e-05,3.5767837159937e-05,4.53531526683227e-05,5.61820866351733e-05,6.79965355677652e-05,8.04087054207716e-05,9.29143665001656e-05,0.000104923183903626,0.000115804499425238,0.000124943986821479,0.000131804118813939,0.000135979984691325,0.000137242108105098,0.000135559640028034,0.000131100368198225,0.000124207786619651,0.000115359212712295,0.000105111841901911,9.40451152499442e-05,8.27076184327426e-05,7.15750908689672e-05,6.10234839046534e-05,5.13180223235061e-05,4.26165444321883e-05,3.49835107262478e-05,2.84102120903046e-05,2.28368394756335e-05,1.81729519571006e-05,1.43141444519597e-05,1.11540154002672e-05,8.59159747566621e-06,6.53509659738327e-06,4.90306808124008e-06,3.62411970216209e-06,2.63599306776615e-06,1.30165710476935e-06,2.74756598949453e-07,1.22758151457458e-08,7.62417092776645e-12,8.55142248986964e-22,1.42203005188417e-79,0
0,1.42047093528069e-78,8.54204669300346e-21,7.61581176750289e-11,1.22620047145686e-07,2.73350818081416e-06,1.2314172102946e-05,2.28312848318174e-05,3.03389777718133e-05,3.93848187460423e-05,4.99496373525297e-05,6.18919784151514e-05,7.49313840803166e-05,8.86454930501958e-05,0.000102484539897448,0.000115804499425238,0.000127917058709932,0.000138151368787301,0.000145919826069754,0.00015077863277479,0.000152474048741062,0.000150967179818871,0.000146433539034244,0.000139237790959682,0.00012988816835362,0.000118978172601331,0.000107124713116561,9.49115726535619e-05,8.28452027327915e-05,7.1326905570492e-05,6.06421805174603e-05,5.09651225007343e-05,4.23737854214005e-05,3.48716013685971e-05,2.84102120903047e-05,2.29101270774695e-05,1.82770646247871e-05,1.44132604511442e-05,1.12241491556274e-05,8.62149234025936e-06,6.52424350436832e-06,4.8583074738593e-06,3.5560225655192e-06,1.78637728639308e-06,3.80996210127171e-07,1.70368070058484e-08,1.05811557103894e-11,1.18680357218651e-21,1.97355509838508e-79,0
0,1.52656273941847e-78,9.18003309749876e-21,8.18461975247758e-11,1.31778280151717e-07,2.93771602543764e-06,1.32368941762128e-05,2.45517807775564e-05,3.26305211540988e-05,4.23682575653731e-05,5.37471864313698e-05,6.66190183614808e-05,8.06871246696885e-05,9.55034455680522e-05,0.000110483957816826,0.000124943986821479,0.000138151368787301,0.000149392023042914,0.00015803963251801,0.000163619570357743,0.000165857441868526,0.000164704734856304,0.000160337739048984,0.000153130368782267,0.000143605851114337,0.000132375501374068,0.000120074343500217,0.000107302915305808,9.45824685378454e-05,8.23275469977621e-05,7.08364102007371e-05,6.02967410654689e-05,5.08020892887086e-05,4.23737854214006e-05,3.49835107262479e-05,2.85729739232333e-05,2.30687645806993e-05,1.83919863935941e-05,1.44634120638976e-05,1.12055087678406e-05,8.54278585948371e-06,6.40165309954709e-06,4.71053230222841e-06,2.39996807027227e-06,5.16126430094175e-07,2.30947627239099e-08,1.43436764891734e-11,1.6088154227209e-21,2.67532551660734e-79,0
0,1.60244767990741e-78,9.63636957637525e-21,8.59147455564949e-11,1.38328956176338e-07,3.08381278543986e-06,1.38988734981332e-05,2.57924714719365e-05,3.42864607863785e-05,4.45298152857017e-05,5.65075519722187e-05,7.00689498587955e-05,8.49089586689491e-05,0.000100564987250044,0.000116432988394162,0.000131804118813939,0.000145919826069754,0.00015803963251801,0.000167512936956701,0.000173844587133447,0.000176744293049109,0.000176152242265862,0.000172237159294725,0.000165367730435662,0.000156062785395214,0.000144928921989099,0.000132595708303554,0.000119657987943849,0.000106632436296026,9.39320511041044e-05,8.18585799771829e-05,7.06098103827293e-05,6.02967410654688e-05,5.09651225007343e-05,4.26165444321884e-05,3.52257484395986e-05,2.87526338834481e-05,2.3149033424232e-05,1.8361442095421e-05,1.43313741035734e-05,1.09949574824453e-05,8.28293988361977e-06,6.12169046865625e-06,3.15505359971511e-06,6.83028446235837e-07,3.05792007792923e-08,1.89921771449472e-11,2.13020054704666e-21,3.54234537941376e-79,0
0,1.64300904519279e-78,9.88028662359826e-21,8.8089430834572e-11,1.41830383064367e-07,3.1619532300005e-06,1.4255827841366e-05,2.64714969462128e-05,3.51981503753209e-05,4.572866754882e-05,5.80524786810828e-05,7.20214364141215e-05,8.73309475089138e-05,0.000103516723825609,0.000119971078063684,0.000135979984691325,0.00015077863277479,0.000163619570357742,0.000173844587133447,0.000180949965546655,0.000184635151032984,0.000184827321345023,0.000181678354000983,0.00017553546720908,0.000166891298076306,0.000156322396172301,0.000144426383643359,0.00013176718804433,0.000118835133109881,0.000106025019972202,9.36315702408739e-05,8.18585799771827e-05,7.08364102007368e-05,6.06421805174601e-05,5.13180223235061e-05,4.28845069725159e-05,3.53483180761272e-05,2.87048832488075e-05,2.29377035427828e-05,1.80164309660739e-05,1.38954565995336e-05,1.05141164909931e-05,7.79886308897815e-06,4.05717761198368e-06,8.82991000251495e-07,3.95481335492031e-08,2.45626894954159e-11,2.75500034585491e-21,4.58133519820588e-79,0
0,1.64544338821654e-78,9.89492562201735e-21,8.82199473966382e-11,1.42040557376705e-07,3.16674240567581e-06,1.42834482451234e-05,2.65437684899495e-05,3.53056645570687e-05,4.58870053955282e-05,5.82832596214581e-05,7.23541308764678e-05,8.7804906097979e-05,0.000104183257090432,0.000120895312533335,0.000137242108105098,0.000152474048741061,0.000165857441868526,0.000176744293049109,0.000184635151032984,0.000189225331423685,0.00019042738201293,0.000188366728400258,0.00018335219484304,0.000175827470833986,0.000166312605599313,0.000155345620424004,0.000143433203413809,0.000131016595225271,0.000118454989346817,0.000106025019972202,9.39320511041044e-05,8.23275469977619e-05,7.13269055704919e-05,6.10234839046535e-05,5.14965857784273e-05,4.2813286978115e-05,3.50256196838637e-05,2.81655190672804e-05,2.22400072573805e-05,1.72285208225389e-05,1.30833695645803e-05,9.73335655295846e-06,5.10190948267499e-06,1.11506109687741e-06,4.99589174035706e-08,3.1028728466796e-11,3.48024420033628e-21,5.78735508231117e-79,0
0,1.60958097584115e-78,9.67926587606566e-21,8.62971950520807e-11,1.38944826619995e-07,3.09785201054598e-06,1.39801590531498e-05,2.60060278902377e-05,3.46044901487201e-05,4.4998669845145e-05,5.71916043784562e-05,7.10560132225135e-05,8.63163544388249e-05,0.000102545764320734,0.000119181473261051,0.000135559640028035,0.000150967179818871,0.000164704734856304,0.000176152242265862,0.000184827321345023,0.00019042738201293,0.000192848959511763,0.00019218182948804,0.000188680076855582,0.000182716424512178,0.00017472881821862,0.000165168919884562,0.000154460716458964,0.000142974372458122,0.00013101659522527,0.000118835133109881,0.000106632436296026,9.45824685378451e-05,8.28452027327913e-05,7.15750908689672e-05,6.09221397948846e-05,5.10264682072894e-05,4.20088261729872e-05,3.39602451705969e-05,2.69337602237654e-05,2.09402427320759e-05,1.59491609389614e-05,1.18939045050416e-05,6.27237602158025e-06,1.37549208948111e-06,6.16434809014722e-08,3.82859065058605e-11,4.294223793885e-21,7.14093508027982e-79,0
0,1.53790536028164e-78,9.24824230518338e-21,8.24543286984274e-11,1.32757578671879e-07,2.96005790085797e-06,1.33672778620316e-05,2.48971125796352e-05,3.31458613709097e-05,4.31295590820282e-05,5.48601107810203e-05,6.82279053684465e-05,8.29850347696518e-05,9.87424522503907e-05,0.000114984333192284,0.000131100368198225,0.000146433539034244,0.000160337739048983,0.000172237159294725,0.000181678354000983,0.000188366728400258,0.00019218182948804,0.000193169764168123,0.000191515442563009,0.00018750111512155,0.00018145993427915,0.000173733500657518,0.000164640558169445,0.000154460716458964,0.000143433203413809,0.00013176718804433,0.000119657987943849,0.000107302915305808,9.49115726535621e-05,8.27076184327429e-05,7.09216745819526e-05,5.97774140078985e-05,4.94743957751463e-05,4.01716598484237e-05,3.19755191121675e-05,2.49337062029298e-05,1.9036475744136e-05,1.42238412256146e-05,7.53773275472622e-06,1.65740384200108e-06,7.42930785846482e-08,4.6142464301922e-11,5.17543101895071e-21,8.60630900779352e-79,0
0,1.43526893749361e-78,8.6310349452279e-21,7.69515080707281e-11,1.23897687788712e-07,2.76269274626005e-06,1.24865512600866e-05,2.32933918570064e-05,3.10306981365829e-05,4.04097639552036e-05,5.14522980708676e-05,6.40701327609449e-05,7.80499910102521e-05,9.30509314658999e-05,0.000108617316874975,0.000124207786619651,0.000139237790959682,0.000153130368782267,0.000165367730435662,0.00017553546720908,0.00018335219484304,0.000188680076855582,0.000191515442563009,0.000191962748759174,0.000190198443920457,0.000186433042009688,0.000180879458956264,0.000173733500657518,0.000165168919884562,0.000155345620424004,0.000144426383643359,0.000132595708303554,0.000120074343500217,0.000107124713116561,9.40451152499444e-05,8.11535439383316e-05,6.87644495215599e-05,5.71631764300003e-05,4.65829819462196e-05,3.71885825084615e-05,2.90684879718485e-05,2.22364724736222e-05,1.6640858619049e-05,8.85305958708481e-06,1.95076272624409e-06,8.74574046580474e-08,5.43187203510606e-11,6.09249623906217e-21,1.01313117825731e-78,0
0,1.30834975038052e-78,7.86780241745779e-21,7.01467744105255e-11,1.12941624022998e-07,2.51860095569107e-06,1.13954605260927e-05,2.13001108962008e-05,2.83981295922453e-05,3.70187120817535e-05,4.71938336359336e-05,5.88593681749642e-05,7.1841694699513e-05,8.5855479709498e-05,0.000100514999908282,0.000115359212712296,0.00012988816835362,0.000143605851114337,0.000156062785395214,0.000166891298076306,0.000175827470833986,0.000182716424512178,0.00018750111512155,0.000190198443920457,0.000190869260593539,0.00018959001482791,0.000186433042009688,0.00018145993427915,0.00017472881821862,0.000166312605599313,0.000156322396172301,0.000144928921989099,0.000132375501374068,0.000118978172601331,0.000105111841901911,9.11845443367426e-05,7.76044669555908e-05,6.47456742102089e-05,5.2918338727699e-05,4.23479239116169e-05,3.31656627599661e-05,2.54104071105733e-05,1.90400002421352e-05,1.01610295284757e-05,2.24275841226361e-06,1.00561517198289e-07,6.24575825152385e-11,7.00536728630689e-21,1.16493399985977e-78,0
0,1.16493399987097e-78,7.00536728630689e-21,6.24575825152385e-11,1.00561517198301e-07,2.24275841226361e-06,1.0161029528476e-05,1.9040000242135e-05,2.54104071105733e-05,3.31656627599659e-05,4.23479239116169e-05,5.2918338727699e-05,6.47456742102089e-05,7.76044669555908e-05,9.11845443367426e-05,0.000105111841901911,0.000118978172601331,0.000132375501374068,0.000144928921989099,0.000156322396172301,0.000166312605599313,0.00017472881821862,0.00018145993427915,0.000186433042009688,0.00018959001482791,0.000190869260593539,0.000190198443920457,0.00018750111512155,0.000182716424512178,0.000175827470833986,0.000166891298076306,0.000156062785395214,0.000143605851114337,0.00012988816835362,0.000115359212712296,0.000100514999908282,8.5855479709498e-05,7.1841694699513e-05,5.88593681749642e-05,4.71938336359336e-05,3.70187120817537e-05,2.83981295922453e-05,2.1300110896201e-05,1.13954605260924e-05,2.51860095569107e-06,1.12941624022984e-07,7.01467744105255e-11,7.86780241745779e-21,1.30834975036795e-78,0
0,1.01313117826704e-78,6.09249623906217e-21,5.43187203510606e-11,8.74574046580579e-08,1.95076272624409e-06,8.85305958708507e-06,1.66408586190488e-05,2.22364724736222e-05,2.90684879718483e-05,3.71885825084615e-05,4.65829819462196e-05,5.71631764300003e-05,6.87644495215599e-05,8.11535439383316e-05,9.40451152499444e-05,0.000107124713116561,0.000120074343500217,0.000132595708303554,0.000144426383643359,0.000155345620424004,0.000165168919884562,0.000173733500657518,0.000180879458956264,0.000186433042009688,0.000190198443920457,0.000191962748759174,0.000191515442563009,0.000188680076855582,0.00018335219484304,0.00017553546720908,0.000165367730435662,0.000153130368782267,0.000139237790959682,0.000124207786619651,0.000108617316874975,9.30509314658999e-05,7.80499910102521e-05,6.40701327609449e-05,5.14522980708676e-05,4.04097639552039e-05,3.10306981365829e-05,2.32933918570066e-05,1.24865512600862e-05,2.76269274626005e-06,1.23897687788697e-07,7.69515080707281e-11,8.6310349452279e-21,1.43526893747982e-78,0
0,8.60630900787621e-79,5.17543101895068e-21,4.61424643019216e-11,7.42930785846565e-08,1.65740384200107e-06,7.53773275472638e-06,1.42238412256144e-05,1.90364757441359e-05,2.49337062029294e-05,3.19755191121672e-05,4.01716598484235e-05,4.94743957751459e-05,5.97774140078981e-05,7.09216745819522e-05,8.27076184327424e-05,9.49115726535615e-05,0.000107302915305808,0.000119657987943849,0.00013176718804433,0.000143433203413809,0.000154460716458964,0.000164640558169445,0.000173733500657518,0.00018145993427915,0.00018750111512155,0.000191515442563009,0.000193169764168123,0.00019218182948804,0.000188366728400258,0.000181678354000983,0.000172237159294725,0.000160337739048984,0.000146433539034244,0.000131100368198225,0.000114984333192284,9.87424522503909e-05,8.2985034769652e-05,6.82279053684466e-05,5.48601107810204e-05,4.31295590820286e-05,3.31458613709097e-05,2.48971125796355e-05,1.33672778620312e-05,2.96005790085798e-06,1.32757578671863e-07,8.24543286984275e-11,9.24824230518338e-21,1.53790536026686e-78,0
0,7.14093508034843e-79,4.294223793885e-21,3.82859065058605e-11,6.16434809014796e-08,1.37549208948111e-06,6.27237602158043e-06,1.18939045050415e-05,1.59491609389614e-05,2.09402427320758e-05,2.69337602237654e-05,3.39602451705969e-05,4.20088261729872e-05,5.10264682072894e-05,6.09221397948846e-05,7.15750908689672e-05,8.28452027327913e-05,9.45824685378451e-05,0.000106632436296026,0.000118835133109881,0.000131016595225271,0.000142974372458122,0.000154460716458964,0.000165168919884562,0.00017472881821862,0.000182716424512178,0.000188680076855582,0.00019218182948804,0.000192848959511763,0.00019042738201293,0.000184827321345023,0.000176152242265862,0.000164704734856304,0.000150967179818871,0.000135559640028035,0.000119181473261051,0.000102545764320734,8.63163544388249e-05,7.10560132225135e-05,5.71916043784562e-05,4.49986698451453e-05,3.46044901487201e-05,2.60060278902379e-05,1.39801590531494e-05,3.09785201054598e-06,1.38944826619978e-07,8.62971950520807e-11,9.67926587606566e-21,1.60958097582569e-78,0
0,5.78735508236678e-79,3.48024420033628e-21,3.1028728466796e-11,4.99589174035766e-08,1.11506109687741e-06,5.10190948267514e-06,9.73335655295838e-06,1.30833695645803e-05,1.72285208225388e-05,2.22400072573805e-05,2.81655190672804e-05,3.50256196838637e-05,4.2813286978115e-05,5.14965857784273e-05,6.10234839046535e-05,7.13269055704919e-05,8.23275469977619e-05,9.39320511041044e-05,0.000106025019972202,0.000118454989346817,0.000131016595225271,0.000143433203413809,0.000155345620424004,0.000166312605599313,0.000175827470833986,0.00018335219484304,0.000188366728400258,0.00019042738201293,0.000189225331423685,0.000184635151032984,0.000176744293049109,0.000165857441868526,0.000152474048741061,0.000137242108105098,0.000120895312533335,0.000104183257090432,8.7804906097979e-05,7.23541308764678e-05,5.82832596214581e-05,4.58870053955285e-05,3.53056645570687e-05,2.65437684899497e-05,1.4283448245123e-05,3.16674240567581e-06,1.42040557376688e-07,8.82199473966382e-11,9.89492562201735e-21,1.64544338820073e-78,0
0,4.5813351982499e-79,2.75500034585491e-21,2.45626894954159e-11,3.95481335492079e-08,8.82991000251495e-07,4.0571776119838e-06,7.79886308897809e-06,1.05141164909931e-05,1.38954565995335e-05,1.80164309660739e-05,2.29377035427828e-05,2.87048832488075e-05,3.53483180761272e-05,4.28845069725159e-05,5.13180223235061e-05,6.06421805174601e-05,7.08364102007368e-05,8.18585799771827e-05,9.36315702408739e-05,0.000106025019972202,0.000118835133109881,0.00013176718804433,0.000144426383643359,0.000156322396172301,0.000166891298076306,0.00017553546720908,0.000181678354000983,0.000184827321345023,0.000184635151032984,0.000180949965546655,0.000173844587133447,0.000163619570357742,0.00015077863277479,0.000135979984691325,0.000119971078063684,0.000103516723825609,8.73309475089138e-05,7.20214364141215e-05,5.80524786810828e-05,4.57286675488203e-05,3.51981503753209e-05,2.6471496946213e-05,1.42558278413656e-05,3.1619532300005e-06,1.4183038306435e-07,8.8089430834572e-11,9.88028662359826e-21,1.64300904517701e-78,0
0,3.5423453794478e-79,2.13020054704666e-21,1.89921771449472e-11,3.0579200779296e-08,6.83028446235837e-07,3.1550535997152e-06,6.1216904686562e-06,8.28293988361977e-06,1.09949574824452e-05,1.43313741035734e-05,1.8361442095421e-05,2.3149033424232e-05,2.87526338834481e-05,3.52257484395986e-05,4.26165444321884e-05,5.09651225007343e-05,6.02967410654688e-05,7.06098103827293e-05,8.18585799771829e-05,9.39320511041047e-05,0.000106632436296026,0.000119657987943849,0.000132595708303554,0.0001449289219891,0.000156062785395214,0.000165367730435662,0.000172237159294725,0.000176152242265862,0.000176744293049109,0.000173844587133447,0.000167512936956701,0.00015803963251801,0.000145919826069754,0.000131804118813939,0.000116432988394162,0.000100564987250044,8.49089586689491e-05,7.00689498587955e-05,5.65075519722187e-05,4.4529815285702e-05,3.42864607863785e-05,2.57924714719367e-05,1.38988734981328e-05,3.08381278543986e-06,1.38328956176322e-07,8.59147455564949e-11,9.63636957637525e-21,1.60244767989202e-78,0
0,2.67532551663305e-79,1.6088154227209e-21,1.43436764891734e-11,2.30947627239126e-08,5.16126430094175e-07,2.39996807027234e-06,4.71053230222837e-06,6.40165309954709e-06,8.54278585948365e-06,1.12055087678406e-05,1.44634120638976e-05,1.83919863935941e-05,2.30687645806993e-05,2.85729739232333e-05,3.49835107262479e-05,4.23737854214006e-05,5.08020892887086e-05,6.02967410654689e-05,7.08364102007371e-05,8.23275469977624e-05,9.45824685378454e-05,0.000107302915305808,0.000120074343500217,0.000132375501374068,0.000143605851114338,0.000153130368782267,0.000160337739048984,0.000164704734856304,0.000165857441868526,0.000163619570357743,0.00015803963251801,0.000149392023042914,0.000138151368787301,0.000124943986821479,0.000110483957816826,9.55034455680522e-05,8.06871246696885e-05,6.66190183614808e-05,5.37471864313698e-05,4.23682575653734e-05,3.26305211540988e-05,2.45517807775566e-05,1.32368941762124e-05,2.93771602543764e-06,1.31778280151701e-07,8.18461975247758e-11,9.18003309749876e-21,1.5265627394038e-78,0
0,1.97355509840404e-79,1.18680357218652e-21,1.05811557103894e-11,1.70368070058506e-08,3.80996210127173e-07,1.78637728639315e-06,3.5560225655192e-06,4.85830747385933e-06,6.52424350436831e-06,8.62149234025941e-06,1.12241491556275e-05,1.44132604511443e-05,1.82770646247871e-05,2.29101270774696e-05,2.84102120903048e-05,3.48716013685972e-05,4.23737854214007e-05,5.09651225007345e-05,6.06421805174605e-05,7.13269055704925e-05,8.28452027327917e-05,9.49115726535622e-05,0.000107124713116562,0.000118978172601331,0.000129888168353621,0.000139237790959682,0.000146433539034244,0.000150967179818871,0.000152474048741062,0.000150778632774791,0.000145919826069755,0.000138151368787301,0.000127917058709932,0.000115804499425238,0.000102484539897448,8.86454930501959e-05,7.49313840803167e-05,6.18919784151515e-05,4.99496373525298e-05,3.93848187460427e-05,3.03389777718133e-05,2.28312848318176e-05,1.23141721029456e-05,2.73350818081416e-06,1.22620047145672e-07,7.6158117675029e-11,8.54204669300346e-21,1.42047093526704e-78,0
0,1.42203005189783e-79,8.55142248986976e-22,7.62417092776653e-12,1.22758151457474e-08,2.74756598949456e-07,1.30165710476941e-06,2.63599306776614e-06,3.62411970216211e-06,4.90306808124007e-06,6.53509659738331e-06,8.59159747566626e-06,1.11540154002672e-05,1.43141444519597e-05,1.81729519571007e-05,2.28368394756336e-05,2.84102120903047e-05,3.49835107262479e-05,4.26165444321884e-05,5.13180223235063e-05,6.10234839046539e-05,7.15750908689674e-05,8.27076184327429e-05,9.40451152499445e-05,0.000105111841901911,0.000115359212712296,0.000124207786619651,0.000131100368198225,0.000135559640028035,0.000137242108105099,0.000135979984691325,0.00013180411881394,0.000124943986821479,0.000115804499425238,0.000104923183903626,9.29143665001659e-05,8.04087054207718e-05,6.79965355677654e-05,5.61820866351734e-05,4.53531526683228e-05,3.57678371599374e-05,2.75572066591846e-05,2.07405610616378e-05,1.11900401756996e-05,2.48438738587616e-06,1.11446395743599e-07,6.92182779400572e-11,7.76366039792624e-21,1.29103180336986e-78,0
0,1.0008181854537e-79,6.01845166910315e-22,5.36585630125366e-12,8.63972770794801e-09,1.93578996660432e-07,9.28969637549026e-07,1.92065205501706e-06,2.66027902566388e-06,3.63014843303312e-06,4.8860667837158e-06,6.49426224462631e-06,8.5325154399756e-06,1.10904781571387e-05,1.42683546876483e-05,1.81729519571006e-05,2.29101270774694e-05,2.85729739232331e-05,3.52257484395985e-05,4.28845069725158e-05,5.14965857784273e-05,6.09221397948845e-05,7.09216745819522e-05,8.11535439383312e-05,9.11845443367424e-05,0.000100514999908282,0.000108617316874975,0.000114984333192284,0.00011918147326105,0.000120895312533335,0.000119971078063683,0.000116432988394161,0.000110483957816825,0.000102484539897448,9.29143665001655e-05,8.23220496941138e-05,7.12710235917732e-05,6.02888750770933e-05,4.98264450012625e-05,4.02307570701629e-05,3.17331967117942e-05,2.44518789076539e-05,1.84052577587109e-05,9.93255900938836e-06,2.20549622581272e-06,9.8936713480564e-08,6.14486398348034e-11,6.89220225914395e-21,1.14611560214423e-78,0
0,6.88000092588359e-80,4.13731021854333e-22,3.68869159889878e-12,5.93933098945702e-09,1.33252610152444e-07,6.49767968913879e-07,1.37708341173223e-06,1.92384706381595e-06,2.65105455754243e-06,3.6074655607197e-06,4.85246665604224e-06,6.45726861458648e-06,8.50522062872859e-06,1.10904781571388e-05,1.43141444519597e-05,1.8277064624787e-05,2.30687645806992e-05,2.87526338834481e-05,3.53483180761273e-05,4.28132869781151e-05,5.10264682072894e-05,5.97774140078983e-05,6.87644495215598e-05,7.76044669555908e-05,8.5855479709498e-05,9.30509314658998e-05,9.87424522503907e-05,0.000102545764320734,0.000104183257090432,0.000103516723825609,0.000100564987250044,9.5503445568052e-05,8.86454930501956e-05,8.04087054207716e-05,7.12710235917733e-05,6.17234632012446e-05,5.22259216227285e-05,4.31715379852313e-05,3.48631194889088e-05,2.75028539143742e-05,2.11943711208401e-05,1.59545808191681e-05,8.61172975828169e-06,1.91241061484595e-06,8.57898351300948e-08,5.32832434042181e-11,5.97635507560008e-21,9.93817873962084e-79,0
0,4.61964603108037e-80,2.77803868579962e-22,2.47680918825029e-12,3.98807195033309e-09,8.9625518837704e-08,4.45744767146377e-07,9.72725937036351e-07,1.37230840057379e-06,1.91182596382401e-06,2.63282398977783e-06,3.58691615244084e-06,4.83694401651223e-06,6.45726861458651e-06,8.53251543997566e-06,1.11540154002672e-05,1.44132604511442e-05,1.83919863935941e-05,2.3149033424232e-05,2.87048832488076e-05,3.50256196838639e-05,4.20088261729874e-05,4.94743957751462e-05,5.71631764300003e-05,6.4745674210209e-05,7.18416946995133e-05,7.80499910102522e-05,8.2985034769652e-05,8.63163544388249e-05,8.78049060979792e-05,8.7330947508914e-05,8.49089586689492e-05,8.06871246696886e-05,7.49313840803167e-05,6.79965355677654e-05,6.02888750770936e-05,5.22259216227286e-05,4.41988150013601e-05,3.65420118955994e-05,2.95132527681728e-05,2.32848237632331e-05,1.79453083009216e-05,1.35096378739327e-05,7.29317618890206e-06,1.61973364393255e-06,7.26609525242865e-08,4.5129022469796e-11,5.06176135803897e-21,8.41728586691208e-79,0
0,3.02981281649875e-80,1.82198747660255e-22,1.62442493951523e-12,2.61563240565303e-09,5.8906751174469e-08,3.00162477249737e-07,6.77732899156621e-07,9.66647888539775e-07,1.36287141587673e-06,1.9009355224248e-06,2.62440180357105e-06,3.58691615244085e-06,4.85246665604227e-06,6.49426224462638e-06,8.59159747566628e-06,1.12241491556275e-05,1.44634120638976e-05,1.83614420954211e-05,2.2937703542783e-05,2.81655190672807e-05,3.39602451705971e-05,4.01716598484238e-05,4.65829819462197e-05,5.29183387276993e-05,5.88593681749645e-05,6.40701327609452e-05,6.82279053684468e-05,7.10560132225138e-05,7.2354130876468e-05,7.20214364141218e-05,7.00689498587958e-05,6.6619018361481e-05,6.18919784151516e-05,5.61820866351735e-05,4.98264450012628e-05,4.31715379852315e-05,3.65420118955995e-05,3.02155276384891e-05,2.44061437822192e-05,1.92570713401888e-05,1.48421264875516e-05,1.11740615254816e-05,6.03306471112823e-06,1.33996526029098e-06,6.01109012444821e-08,3.7334307045781e-11,4.18749049705426e-21,6.96344653283684e-79,0
0,1.9409296370106e-80,1.16718414825592e-22,1.04062353031009e-12,1.67563359973192e-09,3.78376935177259e-08,1.98605394044186e-07,4.6629638410291e-07,6.73072317762993e-07,9.61141517989833e-07,1.35851170292784e-06,1.90093552242479e-06,2.63282398977783e-06,3.60746556071972e-06,4.88606678371584e-06,6.5350965973833e-06,8.62149234025937e-06,1.12055087678406e-05,1.43313741035734e-05,1.80164309660739e-05,2.22400072573806e-05,2.69337602237655e-05,3.19755191121674e-05,3.71885825084615e-05,4.2347923911617e-05,4.71938336359337e-05,5.14522980708677e-05,5.48601107810204e-05,5.71916043784562e-05,5.82832596214582e-05,5.80524786810828e-05,5.65075519722188e-05,5.37471864313699e-05,4.99496373525297e-05,4.53531526683228e-05,4.02307570701631e-05,3.48631194889089e-05,2.95132527681728e-05,2.44061437822192e-05,1.97152979336562e-05,1.55568741585689e-05,1.19908611402794e-05,9.02781950251558e-06,4.87475233630465e-06,1.08275658204536e-06,4.85727050317778e-08,3.01680443736141e-11,3.38370815278225e-21,5.62682370770703e-79,0
