0,0,0,0,0,0,0,0,0,0,0,0,0,0,0,0,0,0,0,0,0,0,0,0,0,0,0,0,0,0,0,0,0,0,0,0,0,0,0,0,0,0,0,0,0,0,0,0,0,0
0,2.03363516084522e-153,1.2229329069023e-95,1.09032731357139e-85,1.75550461546826e-82,3.91321576463491e-81,1.7614429337799e-80,3.26088286013046e-80,4.33047414612171e-80,5.6172350499851e-80,7.11699464221446e-80,8.80759985383338e-80,1.0646464422681e-79,1.25701405477433e-79,1.44964531031005e-79,1.63294016390217e-79,1.79665910305133e-79,1.93084756191312e-79,2.02682937028925e-79,2.07813274043372e-79,2.08121177883214e-79,2.03585180134067e-79,1.94519408778713e-79,1.81537611071582e-79,1.65484448193346e-79,1.47344744854536e-79,1.28144216738861e-79,1.08855472073549e-79,9.03209329930554e-80,7.32004008886674e-80,5.79462584106916e-80,4.48047680108224e-80,3.38384110769185e-80,2.49621843351573e-80,1.79863112584556e-80,1.26586828264768e-80,8.70205506179409e-81,5.84308266256459e-81,3.83220848952353e-81,2.45495265978683e-81,1.53611598971937e-81,9.38840449575884e-82,5.60462384933935e-82,1.10199352736252e-82,1.7688476819931e-84,5.62429296461662e-88,6.21410399604998e-96,9.24562149149838e-120,6.84189235511348e-254,0
0,1.22293290690182e-95,7.35414553986338e-38,6.55671762926305e-28,1.05567822774162e-24,2.35322462087545e-23,1.05924925415521e-22,1.9609421748728e-22,2.60414426232617e-22,3.37794198324834e-22,4.27982713604863e-22,5.29647790294871e-22,6.40228490111505e-22,7.55909359564125e-22,8.71748771582618e-22,9.81973708896552e-22,1.08042660842515e-21,1.16112126065584e-21,1.21884022332284e-21,1.24969166648857e-21,1.25154325592388e-21,1.22426589064288e-21,1.16974858916043e-21,1.09168213991497e-21,9.95145939510694e-22,8.86062262351768e-22,7.70599281996957e-22,6.54605808643401e-22,5.43147774320401e-22,4.40192915468429e-22,3.48461649398404e-22,2.69434883117199e-22,2.03488350417955e-22,1.50110881437184e-22,1.08161249054141e-22,7.61233877373425e-23,5.23300820994673e-23,3.51375615615725e-23,2.30451064093475e-23,1.47629351141413e-23,9.23748186899511e-24,5.64574660304189e-24,3.37035819803348e-24,6.62687277320826e-25,1.06370212280716e-26,3.38218628243394e-30,3.73687100321437e-38,1.11197671877542e-61,9.2456214915036e-120,0
0,1.09032731357102e-85,6.55671762926346e-28,5.84575676900331e-18,9.41208466591174e-15,2.09805874437426e-13,9.44392277914474e-13,1.74831243932741e-12,2.32177055803516e-12,3.01166350763295e-12,3.81575505693715e-12,4.72216790531447e-12,5.70806955767964e-12,6.73944266826541e-12,7.7722292929481e-12,8.75495908224207e-12,9.63273320094541e-12,1.03521805466911e-11,1.08667840965321e-11,1.1141845557073e-11,1.11583537279558e-11,1.0915157586664e-11,1.04290990095654e-11,9.73308386925596e-12,8.87239841833762e-12,7.89984373448601e-12,6.87041325248107e-12,5.83625306695702e-12,4.84252938473318e-12,3.92461725696287e-12,3.1067710420131e-12,2.40219402642033e-12,1.81423613081477e-12,1.33833993049517e-12,9.64330614616269e-13,6.7869143464317e-13,4.66558038952315e-13,3.13275102227062e-13,2.05462694260401e-13,1.31621541289612e-13,8.23583923086143e-14,5.03356456289554e-14,3.00490206067735e-14,5.9083048736639e-15,9.48362430748676e-17,3.01550122942435e-20,6.66334595970374e-28,3.73687100321406e-38,6.21410399604979e-96,0
0,1.75550461546762e-82,1.05567822774167e-24,9.41208466591164e-15,1.51541265330995e-11,3.37802398303865e-10,1.52053884671605e-09,2.81490767709757e-09,3.73821618797727e-09,4.84899312828247e-09,6.14363803496126e-09,7.60302764607806e-09,9.19040006712974e-09,1.08509850084217e-08,1.251384611163e-08,1.40961125245501e-08,1.55093932899154e-08,1.66677572021593e-08,1.74963085944122e-08,1.79391807670008e-08,1.79657643163091e-08,1.7574205946017e-08,1.67916221512518e-08,1.56709935475985e-08,1.42852339935351e-08,1.27193567150239e-08,1.10619047743925e-08,9.39683682488755e-09,7.79687344210967e-09,6.31897080768434e-09,5.00218007882524e-09,3.86775949298005e-09,2.92110275897117e-09,2.15487227748482e-09,1.55268611847368e-09,1.09278162959065e-09,7.51226429435545e-10,5.04424666161708e-10,3.30833926632913e-10,2.1193973671501e-10,1.32618411184472e-10,8.10559500891894e-11,4.83900811758096e-11,9.51766299027741e-12,1.53775337971262e-13,9.71017068176869e-17,3.01550122942389e-20,3.38218628243254e-30,5.62429296461455e-88,0
0,3.91321576463358e-81,2.35322462087559e-23,2.09805874437426e-13,3.37802398303868e-10,7.52999409345364e-09,3.38946035270755e-08,6.27479185934285e-08,8.33298228206967e-08,1.08090796667967e-07,1.36950670457937e-07,1.69483283528546e-07,2.04869323519427e-07,2.41888084761655e-07,2.78958532163278e-07,3.1423361798481e-07,3.45743248549535e-07,3.7157213908477e-07,3.90050945462693e-07,3.99934409991946e-07,4.00540160934078e-07,3.91826673565274e-07,3.74398014141861e-07,3.49434609905462e-07,3.18561064617423e-07,2.83671578014764e-07,2.46738987962383e-07,2.09633976043656e-07,1.73976835595108e-07,1.41036653437335e-07,1.11683652168924e-07,8.63917201751281e-08,6.52813954812769e-08,4.81896737309912e-08,3.47521327164685e-08,2.44845183292642e-08,1.6854235387029e-08,1.13361351004466e-08,7.45072272163237e-09,4.78583790831889e-09,3.00472462165222e-09,1.84422693485995e-09,1.10683092740982e-09,2.27371701564956e-10,6.80739865997798e-12,1.53775337971262e-13,9.48362430748552e-17,1.06370212280674e-26,1.7688476819925e-84,0
0,1.7614429337793e-80,1.05924925415529e-22,9.44392277914486e-13,1.52053884671609e-09,3.38946035270759e-08,1.5257420345968e-07,2.82473317160385e-07,3.75136987576874e-07,4.86622771212255e-07,6.16574964164354e-07,7.63082183757661e-07,9.22465294047214e-07,1.08924035536352e-06,1.25630325250871e-06,1.41535367221545e-06,1.55753763458741e-06,1.67424660563011e-06,1.75797596222754e-06,1.8031247402994e-06,1.80661826125841e-06,1.76825723083645e-06,1.6907379698811e-06,1.57934072637632e-06,1.44133592453191e-06,1.28520096718229e-06,1.1197645584985e-06,9.53397625662543e-07,7.93351077946848e-07,6.45306559068138e-07,5.13165381159362e-07,3.99061721698797e-07,3.03555980865577e-07,2.25946968246757e-07,1.64637940013962e-07,1.17499183848949e-07,8.21848238657215e-08,5.63792875758809e-08,3.79655530959816e-08,2.51202738657419e-08,1.63490304762941e-08,1.04784248660882e-08,6.62149098349738e-09,1.90899405086652e-09,2.27371701564961e-10,9.51766299027773e-12,5.90830487366331e-15,6.62687277320579e-25,1.10199352736215e-82,0
0,3.26088286012935e-80,1.96094217487291e-22,1.74831243932742e-12,2.8149076770976e-09,6.27479185934287e-08,2.82473317160382e-07,5.23028830988418e-07,6.94639384629094e-07,9.01132867928439e-07,1.14186877655107e-06,1.41333263914422e-06,1.7087441398731e-06,2.01798869320463e-06,2.32795850129593e-06,2.62333546631452e-06,2.88777719478464e-06,3.10539127092725e-06,3.26231797563987e-06,3.34820338654589e-06,3.35734453288837e-06,3.28932930501152e-06,3.14906999115799e-06,2.94622603543118e-06,2.69410919908954e-06,2.40824285155024e-06,2.10479140248629e-06,1.79907896625796e-06,1.50438078450757e-06,1.23110746019735e-06,9.86426262888772e-07,7.74291865707006e-07,5.95803865523793e-07,4.49777616305462e-07,3.33409211210804e-07,2.4293048965274e-07,1.74178111350733e-07,1.23033626816941e-07,8.57219216858232e-08,5.89787247604382e-08,4.01121273468947e-08,2.69886983856353e-08,1.79737469135683e-08,6.62149098349727e-09,1.10683092740981e-09,4.83900811758099e-11,3.00490206067698e-14,3.37035819803215e-24,5.60462384933744e-82,0
0,4.33047414612024e-80,2.60414426232633e-22,2.32177055803518e-12,3.73821618797733e-09,8.3329822820697e-08,3.75136987576872e-07,6.94639384629094e-07,9.22575538884883e-07,1.19685739622977e-06,1.51664418370676e-06,1.87728175214783e-06,2.26978255698349e-06,2.68073487897931e-06,3.09275534860637e-06,3.48552757887108e-06,3.83737528430398e-06,4.12721734833894e-06,4.33666612624446e-06,4.4519796718055e-06,4.46557842476461e-06,4.3768915426679e-06,4.19239930093706e-06,3.92486638737874e-06,3.59189032133401e-06,3.21399319857138e-06,2.81254334019322e-06,2.40779706126643e-06,2.01730316864593e-06,1.65482829975833e-06,1.32986058601864e-06,1.04765391338624e-06,8.09702474739043e-07,6.14494963012816e-07,4.58390769690219e-07,3.36480980315667e-07,2.43334605041538e-07,1.73574151984022e-07,1.22264854933689e-07,8.51324357781266e-08,5.86427609447153e-08,3.99838119688152e-08,2.69886983856353e-08,1.0478424866088e-08,1.84422693485994e-09,8.10559500891899e-11,5.0335645628949e-14,5.64574660303963e-24,9.38840449575565e-82,0
0,5.61723504998319e-80,3.37794198324855e-22,3.01166350763296e-12,4.84899312828253e-09,1.08090796667967e-07,4.86622771212251e-07,9.01132867928439e-07,1.19685739622977e-06,1.55273309284176e-06,1.96768542586104e-06,2.43569872936103e-06,2.94514231430098e-06,3.47865286209128e-06,4.01372075452484e-06,4.52403555989515e-06,4.98152347681495e-06,5.35887878765107e-06,5.63227983082306e-06,5.78391467094929e-06,5.80394177087658e-06,5.69158212214853e-06,5.45517074731723e-06,5.11116197165756e-06,4.68225039972386e-06,4.19490384678994e-06,3.67667948914521e-06,3.15369847490745e-06,2.64859187121489e-06,2.1791208816188e-06,1.75754378147533e-06,1.39067896131646e-06,1.08052010067196e-06,8.25208118768706e-07,6.20156434198994e-07,4.59153303715402e-07,3.35314238764704e-07,2.4181413614683e-07,1.72380530626466e-07,1.21568390787352e-07,8.48601041565891e-08,5.86427609447156e-08,4.01121273468949e-08,1.63490304762939e-08,3.00472462165223e-09,1.32618411184474e-10,8.23583923086043e-14,9.23748186899154e-24,1.53611598971885e-81,0
0,7.11699464221204e-80,4.2798271360489e-22,3.81575505693718e-12,6.14363803496135e-09,1.36950670457938e-07,6.1657496416435e-07,1.14186877655107e-06,1.51664418370676e-06,1.96768542586105e-06,2.49365676003723e-06,3.08697061712042e-06,3.73293482673702e-06,4.40960384580813e-06,5.08852058269774e-06,5.73641829410539e-06,6.31779703581913e-06,6.79812373257458e-06,7.14726398976345e-06,7.34267148217289e-06,7.37186142665109e-06,7.23378522382107e-06,6.93889012308286e-06,6.50785858451776e-06,5.96923377340479e-06,5.35630691918041e-06,4.70373617890488e-06,4.04437050142863e-06,3.40667199051348e-06,2.81299043145423e-06,2.27877838932372e-06,1.81268008397634e-06,1.41731019143673e-06,1.09047515935307e-06,8.26580854238148e-07,6.180060532794e-07,4.56284298231855e-07,3.33008375637575e-07,2.40436676728954e-07,1.71829099564992e-07,1.21568390787352e-07,8.5132435778127e-08,5.89787247604386e-08,2.51202738657416e-08,4.78583790831891e-09,2.11939736715013e-10,1.31621541289596e-13,1.47629351141356e-23,2.454952659786e-81,0
0,8.80759985383039e-80,5.29647790294904e-22,4.7221679053145e-12,7.60302764607818e-09,1.69483283528547e-07,7.63082183757657e-07,1.41333263914423e-06,1.87728175214783e-06,2.43569872936104e-06,3.08697061712042e-06,3.82176089894054e-06,4.62195576731637e-06,5.46048037926415e-06,6.30221525559164e-06,7.10609804641266e-06,7.82830423797707e-06,8.42619604548598e-06,8.86255490898852e-06,9.10951193261325e-06,9.15159223988776e-06,8.98740198143973e-06,8.62969345011851e-06,8.10380447779441e-06,7.44472956152791e-06,6.69328830547352e-06,5.89197121056851e-06,5.08104576862263e-06,4.29540528513213e-06,3.56246896488349e-06,2.90123738893878e-06,2.32241654979586e-06,1.82938068639442e-06,1.41966788996965e-06,1.08669395698758e-06,8.21415988856117e-07,6.13756196858605e-07,4.53685140408229e-07,3.31943109383954e-07,2.40436676728954e-07,1.72380530626467e-07,1.2226485493369e-07,8.57219216858237e-08,3.79655530959814e-08,7.45072272163241e-09,3.30833926632918e-10,2.05462694260377e-13,2.30451064093386e-23,3.83220848952223e-81,0
0,1.06464644226774e-79,6.40228490111541e-22,5.70806955767966e-12,9.19040006712986e-09,2.04869323519428e-07,9.22465294047208e-07,1.7087441398731e-06,2.26978255698349e-06,2.94514231430098e-06,3.73293482673702e-06,4.62195576731636e-06,5.59041380884358e-06,6.60570907637003e-06,7.62553837111374e-06,8.60042902462115e-06,9.47757183683484e-06,1.02055771390122e-05,1.0739568810223e-05,1.10459100516202e-05,1.1105857917667e-05,1.09175809299185e-05,1.0496224486773e-05,9.87202366195572e-06,9.08677759995428e-06,8.1892492175752e-06,7.23018956191023e-06,6.25768689312278e-06,5.31341670412546e-06,4.43015741344989e-06,3.63068954881343e-06,2.92796709848954e-06,2.32627989469057e-06,1.82303734283501e-06,1.41079713824429e-06,1.07922106369465e-06,8.16736910916864e-07,6.1179284154295e-07,4.5368514040823e-07,3.33008375637575e-07,2.4181413614683e-07,1.73574151984023e-07,1.23033626816942e-07,5.63792875758805e-08,1.13361351004467e-08,5.04424666161716e-10,3.13275102227024e-13,3.51375615615589e-23,5.84308266256261e-81,0
0,1.2570140547739e-79,7.55909359564172e-22,6.73944266826545e-12,1.08509850084218e-08,2.41888084761656e-07,1.08924035536352e-06,2.01798869320463e-06,2.68073487897931e-06,3.47865286209129e-06,4.40960384580813e-06,5.46048037926415e-06,6.60570907637004e-06,7.80698987063948e-06,9.0145972113869e-06,1.01703617420893e-05,1.12121781641501e-05,1.20795949140118e-05,1.27197956187632e-05,1.30931411238768e-05,1.31774464783893e-05,1.2970330921302e-05,1.24892753021246e-05,1.17693927354549e-05,1.08592879541702e-05,9.81567229083244e-06,8.69755734743173e-06,7.56084706606797e-06,6.45399820048956e-06,5.41516759481159e-06,4.47097338437911e-06,3.63672920863843e-06,2.91781442694639e-06,2.31174420536822e-06,1.81050082006847e-06,1.40276073542784e-06,1.07576872476429e-06,8.16736910916861e-07,6.13756196858603e-07,4.56284298231854e-07,3.35314238764703e-07,2.43334605041538e-07,1.74178111350733e-07,8.21848238657205e-08,1.6854235387029e-08,7.51226429435552e-10,4.66558038952257e-13,5.23300820994471e-23,8.70205506179114e-81,0
0,1.44964531030955e-79,8.71748771582673e-22,7.77222929294814e-12,1.25138461116301e-08,2.78958532163279e-07,1.2563032525087e-06,2.32795850129594e-06,3.09275534860637e-06,4.01372075452484e-06,5.08852058269774e-06,6.30221525559163e-06,7.62553837111374e-06,9.01459721138688e-06,1.04123679190974e-05,1.17521195422659e-05,1.29625870516674e-05,1.3974380159646e-05,1.47268334253671e-05,1.51743428290652e-05,1.52912430930562e-05,1.5074470975215e-05,1.45436026748462e-05,1.37382811760612e-05,1.27134730527476e-05,1.15333258549476e-05,1.02645714066199e-05,8.97041038129769e-06,7.7056358086329e-06,6.51346024175441e-06,5.42417573768039e-06,4.45547036719248e-06,3.61400521654835e-06,2.89774942546096e-06,2.29857568727351e-06,1.80470917767485e-06,1.40276073542784e-06,1.07922106369465e-06,8.21415988856115e-07,6.18006053279399e-07,4.59153303715402e-07,3.36480980315668e-07,2.42930489652741e-07,1.17499183848947e-07,2.44845183292642e-08,1.09278162959067e-09,6.78691434643086e-13,7.61233877373126e-23,1.26586828264725e-80,0
0,1.63294016390162e-79,9.81973708896614e-22,8.7549590822421e-12,1.40961125245504e-08,3.14233617984811e-07,1.41535367221544e-06,2.62333546631452e-06,3.48552757887108e-06,4.52403555989516e-06,5.73641829410539e-06,7.10609804641265e-06,8.60042902462115e-06,1.01703617420893e-05,1.17521195422659e-05,1.32710348941394e-05,1.46473400405225e-05,1.5803332945403e-05,1.66710253624951e-05,1.71992028320517e-05,1.73588404187292e-05,1.71460362344843e-05,1.65820126330826e-05,1.57102158839106e-05,1.45910186891729e-05,1.3294896988151e-05,1.18951404224614e-05,1.0461135941512e-05,9.05305665662744e-06,7.71845415027124e-06,6.49087493931778e-06,5.39028294020032e-06,4.42483133178627e-06,3.59341855606143e-06,2.88847976469497e-06,2.29857568727351e-06,1.81050082006847e-06,1.41079713824428e-06,1.08669395698758e-06,8.26580854238146e-07,6.20156434198994e-07,4.5839076969022e-07,3.33409211210805e-07,1.6463794001396e-07,3.47521327164685e-08,1.5526861184737e-09,9.64330614616152e-13,1.08161249054099e-22,1.79863112584495e-80,0
0,1.79665910305072e-79,1.08042660842522e-21,9.63273320094546e-12,1.55093932899156e-08,3.45743248549537e-07,1.5575376345874e-06,2.88777719478465e-06,3.83737528430399e-06,4.98152347681496e-06,6.31779703581912e-06,7.82830423797707e-06,9.47757183683486e-06,1.12121781641501e-05,1.29625870516674e-05,1.46473400405225e-05,1.61793770121813e-05,1.74738467480497e-05,1.84564271829302e-05,1.90709852903704e-05,1.92854271669068e-05,1.90948333505234e-05,1.85214033152174e-05,1.76112610546217e-05,1.64286895462499e-05,1.50487568284576e-05,1.35494916652585e-05,1.20047328500822e-05,1.04785380635112e-05,9.02166535078125e-06,7.67022562375852e-06,6.44623899054178e-06,5.35957796935242e-06,4.41067666229276e-06,3.59341855606143e-06,2.89774942546096e-06,2.31174420536823e-06,1.82303734283501e-06,1.41966788996965e-06,1.09047515935307e-06,8.25208118768707e-07,6.14494963012819e-07,4.49777616305465e-07,2.25946968246756e-07,4.81896737309914e-08,2.15487227748485e-09,1.33833993049501e-12,1.50110881437126e-22,2.49621843351489e-80,0
0,1.93084756191247e-79,1.16112126065592e-21,1.03521805466911e-11,1.66677572021595e-08,3.71572139084772e-07,1.6742466056301e-06,3.10539127092725e-06,4.12721734833894e-06,5.35887878765108e-06,6.79812373257458e-06,8.42619604548598e-06,1.02055771390122e-05,1.20795949140118e-05,1.3974380159646e-05,1.5803332945403e-05,1.74738467480497e-05,1.88956022582163e-05,1.99893808000522e-05,2.06951499830217e-05,2.0978203449408e-05,2.08324052148065e-05,2.02800529930635e-05,1.93684407187693e-05,1.81637478985719e-05,1.67432957379379e-05,1.51874041865326e-05,1.35720312736055e-05,1.19631066618463e-05,1.04130632364317e-05,8.95962585745618e-06,7.62653328760715e-06,6.42561800511986e-06,5.35957796935241e-06,4.42483133178627e-06,3.61400521654834e-06,2.91781442694639e-06,2.32627989469056e-06,1.82938068639441e-06,1.41731019143672e-06,1.08052010067196e-06,8.09702474739044e-07,5.95803865523794e-07,3.03555980865574e-07,6.5281395481277e-08,2.92110275897121e-09,1.81423613081455e-12,2.03488350417875e-22,3.3838411076907e-80,0
0,2.02682937028857e-79,1.21884022332292e-21,1.08667840965322e-11,1.74963085944124e-08,3.90050945462695e-07,1.75797596222753e-06,3.26231797563987e-06,4.33666612624447e-06,5.63227983082307e-06,7.14726398976344e-06,8.86255490898852e-06,1.0739568810223e-05,1.27197956187632e-05,1.47268334253671e-05,1.66710253624951e-05,1.84564271829302e-05,1.99893808000522e-05,2.11875959998897e-05,2.19884442710426e-05,2.23552087644347e-05,2.22803242030703e-05,2.17851314268853e-05,2.09162631110404e-05,1.97393425704546e-05,1.83310943237673e-05,1.67711482461865e-05,1.51347421445382e-05,1.34872268480862e-05,1.18808396914991e-05,1.03537467206459e-05,8.93096475530597e-06,7.62653328760714e-06,6.44623899054176e-06,5.3902829402003e-06,4.45547036719247e-06,3.63672920863842e-06,2.92796709848952e-06,2.32241654979585e-06,1.81268008397633e-06,1.39067896131646e-06,1.04765391338624e-06,7.74291865707007e-07,3.99061721698793e-07,8.63917201751281e-08,3.86775949298009e-09,2.40219402642003e-12,2.69434883117093e-22,4.48047680108072e-80,0
0,2.07813274043302e-79,1.24969166648865e-21,1.11418455570731e-11,1.7939180767001e-08,3.99934409991948e-07,1.80312474029939e-06,3.34820338654589e-06,4.4519796718055e-06,5.7839146709493e-06,7.34267148217288e-06,9.10951193261325e-06,1.10459100516202e-05,1.30931411238768e-05,1.51743428290652e-05,1.71992028320517e-05,1.90709852903704e-05,2.06951499830217e-05,2.19884442710426e-05,2.28871562749061e-05,2.3353270849025e-05,2.33775771922163e-05,2.29792852804722e-05,2.22023124329747e-05,2.11089690371314e-05,1.97721790090131e-05,1.82675315945988e-05,1.66663542353532e-05,1.50306647156218e-05,1.34103988018067e-05,1.18428338678804e-05,1.03537467206459e-05,8.95962585745618e-06,7.67022562375851e-06,6.49087493931777e-06,5.42417573768039e-06,4.47097338437911e-06,3.63068954881342e-06,2.90123738893877e-06,2.27877838932372e-06,1.75754378147533e-06,1.32986058601864e-06,9.86426262888775e-07,5.13165381159357e-07,1.11683652168924e-07,5.0021800788253e-09,3.10677104201273e-12,3.48461649398267e-22,5.79462584106719e-80,0
0,2.08121177883143e-79,1.25154325592396e-21,1.11583537279558e-11,1.79657643163093e-08,4.0054016093408e-07,1.8066182612584e-06,3.35734453288838e-06,4.46557842476462e-06,5.80394177087659e-06,7.37186142665109e-06,9.15159223988775e-06,1.11058579176671e-05,1.31774464783893e-05,1.52912430930562e-05,1.73588404187292e-05,1.92854271669068e-05,2.0978203449408e-05,2.23552087644347e-05,2.3353270849025e-05,2.39338522026307e-05,2.40858915777325e-05,2.38252532232614e-05,2.3190998263206e-05,2.22392460271641e-05,2.1035774078978e-05,1.96486331485357e-05,1.81419108405181e-05,1.65714167475414e-05,1.49825828622439e-05,1.34103988018067e-05,1.18808396914991e-05,1.04130632364317e-05,9.02166535078125e-06,7.71845415027124e-06,6.51346024175442e-06,5.4151675948116e-06,4.43015741344989e-06,3.56246896488349e-06,2.81299043145422e-06,2.1791208816188e-06,1.65482829975834e-06,1.23110746019736e-06,6.45306559068134e-07,1.41036653437335e-07,6.31897080768444e-09,3.92461725696239e-12,4.40192915468259e-22,7.32004008886425e-80,0
0,2.03585180133998e-79,1.22426589064296e-21,1.0915157586664e-11,1.75742059460172e-08,3.91826673565275e-07,1.76825723083644e-06,3.28932930501152e-06,4.37689154266791e-06,5.69158212214854e-06,7.23378522382106e-06,8.98740198143973e-06,1.09175809299185e-05,1.2970330921302e-05,1.5074470975215e-05,1.71460362344843e-05,1.90948333505234e-05,2.08324052148065e-05,2.22803242030704e-05,2.33775771922163e-05,2.40858915777325e-05,2.43921807913289e-05,2.43077999567567e-05,2.38648865829244e-05,2.31105839073734e-05,2.21002847732961e-05,2.08911168882247e-05,1.95367075381884e-05,1.80838763680889e-05,1.65714167475414e-05,1.50306647156219e-05,1.34872268480862e-05,1.19631066618463e-05,1.04785380635112e-05,9.05305665662746e-06,7.70563580863292e-06,6.45399820048958e-06,5.31341670412547e-06,4.29540528513213e-06,3.40667199051348e-06,2.6485918712149e-06,2.01730316864594e-06,1.50438078450758e-06,7.93351077946844e-07,1.7397683559511e-07,7.7968734421098e-09,4.84252938473262e-12,5.43147774320191e-22,9.03209329930247e-80,0
0,1.94519408778646e-79,1.1697485891605e-21,1.04290990095654e-11,1.67916221512521e-08,3.74398014141863e-07,1.69073796988108e-06,3.14906999115799e-06,4.19239930093706e-06,5.45517074731724e-06,6.93889012308286e-06,8.62969345011851e-06,1.0496224486773e-05,1.24892753021246e-05,1.45436026748462e-05,1.65820126330826e-05,1.85214033152174e-05,2.02800529930635e-05,2.17851314268853e-05,2.29792852804722e-05,2.38252532232614e-05,2.43077999567567e-05,2.44327572362132e-05,2.42235131117901e-05,2.37157675633799e-05,2.29516588242194e-05,2.19743936823789e-05,2.08242879330104e-05,1.95367075381884e-05,1.81419108405181e-05,1.66663542353532e-05,1.51347421445382e-05,1.35720312736055e-05,1.20047328500822e-05,1.0461135941512e-05,8.97041038129771e-06,7.56084706606799e-06,6.25768689312278e-06,5.08104576862263e-06,4.04437050142863e-06,3.15369847490746e-06,2.40779706126645e-06,1.79907896625797e-06,9.53397625662538e-07,2.09633976043657e-07,9.39683682488771e-09,5.83625306695633e-12,6.54605808643148e-22,1.08855472073512e-79,0
0,1.8153761107152e-79,1.09168213991503e-21,9.73308386925603e-12,1.56709935475988e-08,3.49434609905464e-07,1.57934072637631e-06,2.94622603543119e-06,3.92486638737875e-06,5.11116197165758e-06,6.50785858451777e-06,8.10380447779441e-06,9.87202366195574e-06,1.17693927354549e-05,1.37382811760612e-05,1.57102158839106e-05,1.76112610546217e-05,1.93684407187693e-05,2.09162631110404e-05,2.22023124329748e-05,2.3190998263206e-05,2.38648865829244e-05,2.42235131117901e-05,2.42800898941258e-05,2.40569347228147e-05,2.35806741072946e-05,2.28782383657602e-05,2.19743936823789e-05,2.08911168882247e-05,1.96486331485357e-05,1.82675315945988e-05,1.67711482461865e-05,1.51874041865326e-05,1.35494916652585e-05,1.18951404224614e-05,1.02645714066199e-05,8.69755734743173e-06,7.23018956191022e-06,5.8919712105685e-06,4.70373617890487e-06,3.67667948914521e-06,2.81254334019323e-06,2.10479140248629e-06,1.11976455849849e-06,2.46738987962384e-07,1.10619047743926e-08,6.87041325248023e-12,7.70599281996659e-22,1.28144216738817e-79,0
0,1.65484448193289e-79,9.95145939510757e-22,8.87239841833767e-12,1.42852339935353e-08,3.18561064617425e-07,1.4413359245319e-06,2.69410919908955e-06,3.59189032133401e-06,4.68225039972387e-06,5.96923377340479e-06,7.44472956152791e-06,9.08677759995429e-06,1.08592879541702e-05,1.27134730527476e-05,1.45910186891729e-05,1.64286895462499e-05,1.8163747898572e-05,1.97393425704546e-05,2.11089690371315e-05,2.22392460271641e-05,2.31105839073734e-05,2.37157675633799e-05,2.40569347228147e-05,2.41417818571165e-05,2.3979978578163e-05,2.35806741072946e-05,2.29516588242194e-05,2.21002847732961e-05,2.1035774078978e-05,1.97721790090131e-05,1.83310943237673e-05,1.67432957379379e-05,1.50487568284576e-05,1.3294896988151e-05,1.15333258549477e-05,9.81567229083245e-06,8.18924921757519e-06,6.69328830547351e-06,5.3563069191804e-06,4.19490384678994e-06,3.21399319857139e-06,2.40824285155025e-06,1.28520096718228e-06,2.83671578014765e-07,1.27193567150241e-08,7.89984373448507e-12,8.86062262351426e-22,1.47344744854486e-79,0
0,1.47344744854486e-79,8.86062262351824e-22,7.89984373448607e-12,1.27193567150241e-08,2.83671578014765e-07,1.28520096718229e-06,2.40824285155025e-06,3.21399319857139e-06,4.19490384678995e-06,5.35630691918041e-06,6.69328830547352e-06,8.18924921757522e-06,9.81567229083245e-06,1.15333258549477e-05,1.3294896988151e-05,1.50487568284577e-05,1.6743295737938e-05,1.83310943237673e-05,1.97721790090131e-05,2.1035774078978e-05,2.21002847732961e-05,2.29516588242194e-05,2.35806741072946e-05,2.3979978578163e-05,2.41417818571165e-05,2.40569347228147e-05,2.37157675633799e-05,2.31105839073734e-05,2.22392460271641e-05,2.11089690371314e-05,1.97393425704546e-05,1.8163747898572e-05,1.64286895462499e-05,1.45910186891729e-05,1.27134730527476e-05,1.08592879541702e-05,9.08677759995426e-06,7.4447295615279e-06,5.96923377340479e-06,4.68225039972386e-06,3.59189032133402e-06,2.69410919908955e-06,1.4413359245319e-06,3.18561064617424e-07,1.42852339935353e-08,8.87239841833655e-12,9.9514593951031e-22,1.65484448193289e-79,0
0,1.28144216738817e-79,7.70599281997005e-22,6.8704132524811e-12,1.10619047743926e-08,2.46738987962384e-07,1.11976455849849e-06,2.10479140248629e-06,2.81254334019323e-06,3.67667948914521e-06,4.70373617890488e-06,5.89197121056851e-06,7.23018956191025e-06,8.69755734743173e-06,1.02645714066199e-05,1.18951404224614e-05,1.35494916652585e-05,1.51874041865326e-05,1.67711482461865e-05,1.82675315945988e-05,1.96486331485357e-05,2.08911168882247e-05,2.19743936823789e-05,2.28782383657602e-05,2.35806741072946e-05,2.40569347228147e-05,2.42800898941258e-05,2.42235131117901e-05,2.38648865829244e-05,2.3190998263206e-05,2.22023124329748e-05,2.09162631110404e-05,1.93684407187693e-05,1.76112610546216e-05,1.57102158839106e-05,1.37382811760612e-05,1.17693927354549e-05,9.87202366195571e-06,8.10380447779441e-06,6.50785858451776e-06,5.11116197165757e-06,3.92486638737876e-06,2.9462260354312e-06,1.57934072637631e-06,3.49434609905464e-07,1.56709935475988e-08,9.7330838692548e-12,1.09168213991454e-21,1.8153761107152e-79,0
0,1.08855472073512e-79,6.54605808643442e-22,5.83625306695705e-12,9.39683682488771e-09,2.09633976043657e-07,9.53397625662538e-07,1.79907896625797e-06,2.40779706126644e-06,3.15369847490746e-06,4.04437050142863e-06,5.08104576862263e-06,6.25768689312279e-06,7.56084706606797e-06,8.97041038129771e-06,1.0461135941512e-05,1.20047328500822e-05,1.35720312736055e-05,1.51347421445382e-05,1.66663542353532e-05,1.81419108405181e-05,1.95367075381884e-05,2.08242879330104e-05,2.19743936823789e-05,2.29516588242194e-05,2.37157675633799e-05,2.42235131117901e-05,2.44327572362132e-05,2.43077999567567e-05,2.38252532232614e-05,2.29792852804722e-05,2.17851314268853e-05,2.02800529930636e-05,1.85214033152174e-05,1.65820126330826e-05,1.45436026748462e-05,1.24892753021246e-05,1.0496224486773e-05,8.62969345011851e-06,6.93889012308286e-06,5.45517074731724e-06,4.19239930093708e-06,3.149069991158e-06,1.69073796988108e-06,3.74398014141863e-07,1.67916221512521e-08,1.04290990095641e-11,1.16974858915998e-21,1.94519408778646e-79,0
0,9.03209329930247e-80,5.43147774320435e-22,4.84252938473322e-12,7.7968734421098e-09,1.7397683559511e-07,7.93351077946844e-07,1.50438078450758e-06,2.01730316864593e-06,2.6485918712149e-06,3.40667199051348e-06,4.29540528513213e-06,5.31341670412548e-06,6.45399820048956e-06,7.70563580863292e-06,9.05305665662746e-06,1.04785380635112e-05,1.19631066618463e-05,1.34872268480862e-05,1.50306647156219e-05,1.65714167475414e-05,1.80838763680889e-05,1.95367075381884e-05,2.08911168882247e-05,2.21002847732961e-05,2.31105839073734e-05,2.38648865829244e-05,2.43077999567567e-05,2.43921807913289e-05,2.40858915777325e-05,2.33775771922163e-05,2.22803242030704e-05,2.08324052148065e-05,1.90948333505234e-05,1.71460362344843e-05,1.5074470975215e-05,1.2970330921302e-05,1.09175809299185e-05,8.98740198143973e-06,7.23378522382106e-06,5.69158212214854e-06,4.37689154266792e-06,3.28932930501153e-06,1.76825723083644e-06,3.91826673565275e-07,1.75742059460172e-08,1.09151575866627e-11,1.22426589064241e-21,2.03585180133998e-79,0
0,7.32004008886425e-80,4.40192915468456e-22,3.92461725696288e-12,6.31897080768444e-09,1.41036653437335e-07,6.45306559068134e-07,1.23110746019735e-06,1.65482829975833e-06,2.1791208816188e-06,2.81299043145422e-06,3.56246896488349e-06,4.4301574134499e-06,5.41516759481158e-06,6.51346024175442e-06,7.71845415027124e-06,9.02166535078125e-06,1.04130632364317e-05,1.18808396914991e-05,1.34103988018067e-05,1.49825828622439e-05,1.65714167475414e-05,1.81419108405181e-05,1.96486331485357e-05,2.1035774078978e-05,2.22392460271641e-05,2.3190998263206e-05,2.38252532232614e-05,2.40858915777325e-05,2.39338522026307e-05,2.3353270849025e-05,2.23552087644347e-05,2.0978203449408e-05,1.92854271669068e-05,1.73588404187292e-05,1.52912430930562e-05,1.31774464783893e-05,1.1105857917667e-05,9.15159223988775e-06,7.37186142665109e-06,5.80394177087659e-06,4.46557842476464e-06,3.35734453288839e-06,1.8066182612584e-06,4.0054016093408e-07,1.79657643163093e-08,1.11583537279545e-11,1.2515432559234e-21,2.08121177883143e-79,0
0,5.79462584106719e-80,3.48461649398427e-22,3.10677104201312e-12,5.00218007882532e-09,1.11683652168924e-07,5.13165381159359e-07,9.86426262888774e-07,1.32986058601864e-06,1.75754378147534e-06,2.27877838932372e-06,2.90123738893878e-06,3.63068954881344e-06,4.47097338437911e-06,5.4241757376804e-06,6.49087493931779e-06,7.67022562375853e-06,8.95962585745619e-06,1.03537467206459e-05,1.18428338678804e-05,1.34103988018067e-05,1.50306647156219e-05,1.66663542353532e-05,1.82675315945988e-05,1.97721790090131e-05,2.11089690371315e-05,2.22023124329748e-05,2.29792852804722e-05,2.33775771922163e-05,2.3353270849025e-05,2.28871562749061e-05,2.19884442710426e-05,2.06951499830217e-05,1.90709852903704e-05,1.71992028320517e-05,1.51743428290652e-05,1.30931411238768e-05,1.10459100516202e-05,9.10951193261325e-06,7.34267148217289e-06,5.7839146709493e-06,4.45197967180552e-06,3.3482033865459e-06,1.80312474029939e-06,3.99934409991948e-07,1.7939180767001e-08,1.11418455570717e-11,1.24969166648809e-21,2.07813274043302e-79,0
0,4.48047680108072e-80,2.69434883117216e-22,2.40219402642034e-12,3.8677594929801e-09,8.63917201751284e-08,3.99061721698794e-07,7.74291865707007e-07,1.04765391338624e-06,1.39067896131647e-06,1.81268008397634e-06,2.32241654979585e-06,2.92796709848954e-06,3.63672920863842e-06,4.45547036719248e-06,5.39028294020032e-06,6.44623899054177e-06,7.62653328760714e-06,8.93096475530598e-06,1.0353746720646e-05,1.18808396914991e-05,1.34872268480862e-05,1.51347421445382e-05,1.67711482461865e-05,1.83310943237673e-05,1.97393425704546e-05,2.09162631110404e-05,2.17851314268853e-05,2.22803242030704e-05,2.23552087644347e-05,2.19884442710426e-05,2.11875959998897e-05,1.99893808000522e-05,1.84564271829302e-05,1.66710253624952e-05,1.47268334253671e-05,1.27197956187632e-05,1.0739568810223e-05,8.86255490898852e-06,7.14726398976344e-06,5.63227983082307e-06,4.33666612624448e-06,3.26231797563989e-06,1.75797596222753e-06,3.90050945462695e-07,1.74963085944124e-08,1.08667840965308e-11,1.21884022332237e-21,2.02682937028857e-79,0
0,3.3838411076907e-80,2.03488350417968e-22,1.81423613081479e-12,2.92110275897122e-09,6.52813954812773e-08,3.03555980865575e-07,5.95803865523794e-07,8.09702474739045e-07,1.08052010067197e-06,1.41731019143673e-06,1.82938068639442e-06,2.32627989469058e-06,2.91781442694639e-06,3.61400521654836e-06,4.42483133178628e-06,5.35957796935242e-06,6.42561800511986e-06,7.62653328760715e-06,8.9596258574562e-06,1.04130632364317e-05,1.19631066618463e-05,1.35720312736055e-05,1.51874041865327e-05,1.6743295737938e-05,1.8163747898572e-05,1.93684407187693e-05,2.02800529930636e-05,2.08324052148065e-05,2.0978203449408e-05,2.06951499830217e-05,1.99893808000522e-05,1.88956022582163e-05,1.74738467480497e-05,1.5803332945403e-05,1.39743801596461e-05,1.20795949140119e-05,1.02055771390122e-05,8.42619604548599e-06,6.79812373257459e-06,5.35887878765109e-06,4.12721734833896e-06,3.10539127092727e-06,1.6742466056301e-06,3.71572139084772e-07,1.66677572021595e-08,1.03521805466898e-11,1.16112126065539e-21,1.93084756191247e-79,0
0,2.49621843351489e-80,1.50110881437195e-22,1.33833993049518e-12,2.15487227748487e-09,4.81896737309916e-08,2.25946968246757e-07,4.49777616305465e-07,6.14494963012819e-07,8.25208118768711e-07,1.09047515935308e-06,1.41966788996966e-06,1.82303734283502e-06,2.31174420536823e-06,2.89774942546097e-06,3.59341855606144e-06,4.41067666229277e-06,5.35957796935243e-06,6.44623899054178e-06,7.67022562375854e-06,9.02166535078127e-06,1.04785380635113e-05,1.20047328500822e-05,1.35494916652585e-05,1.50487568284577e-05,1.64286895462499e-05,1.76112610546217e-05,1.85214033152174e-05,1.90948333505234e-05,1.92854271669068e-05,1.90709852903704e-05,1.84564271829303e-05,1.74738467480498e-05,1.61793770121813e-05,1.46473400405225e-05,1.29625870516674e-05,1.12121781641502e-05,9.47757183683485e-06,7.82830423797708e-06,6.31779703581913e-06,4.98152347681497e-06,3.837375284304e-06,2.88777719478466e-06,1.5575376345874e-06,3.45743248549537e-07,1.55093932899157e-08,9.63273320094428e-12,1.08042660842474e-21,1.79665910305072e-79,0
0,1.79863112584495e-80,1.08161249054148e-22,9.64330614616276e-13,1.55268611847371e-09,3.47521327164687e-08,1.64637940013961e-07,3.33409211210806e-07,4.58390769690221e-07,6.20156434198997e-07,8.2658085423815e-07,1.08669395698759e-06,1.41079713824429e-06,1.81050082006847e-06,2.29857568727352e-06,2.88847976469498e-06,3.59341855606144e-06,4.42483133178628e-06,5.39028294020032e-06,6.49087493931779e-06,7.71845415027126e-06,9.05305665662746e-06,1.04611359415121e-05,1.18951404224615e-05,1.3294896988151e-05,1.45910186891729e-05,1.57102158839106e-05,1.65820126330826e-05,1.71460362344843e-05,1.73588404187292e-05,1.71992028320517e-05,1.66710253624952e-05,1.5803332945403e-05,1.46473400405225e-05,1.32710348941395e-05,1.17521195422659e-05,1.01703617420894e-05,8.60042902462115e-06,7.10609804641266e-06,5.73641829410539e-06,4.52403555989516e-06,3.48552757887109e-06,2.62333546631454e-06,1.41535367221544e-06,3.14233617984812e-07,1.40961125245504e-08,8.75495908224103e-12,9.81973708896173e-22,1.63294016390162e-79,0
0,1.26586828264725e-80,7.61233877373473e-23,6.78691434643173e-13,1.09278162959067e-09,2.44845183292643e-08,1.17499183848948e-07,2.42930489652741e-07,3.36480980315667e-07,4.59153303715403e-07,6.180060532794e-07,8.21415988856116e-07,1.07922106369465e-06,1.40276073542784e-06,1.80470917767485e-06,2.29857568727351e-06,2.89774942546096e-06,3.61400521654835e-06,4.45547036719247e-06,5.4241757376804e-06,6.51346024175442e-06,7.70563580863291e-06,8.9704103812977e-06,1.02645714066199e-05,1.15333258549477e-05,1.27134730527476e-05,1.37382811760612e-05,1.45436026748462e-05,1.5074470975215e-05,1.52912430930562e-05,1.51743428290652e-05,1.47268334253671e-05,1.39743801596461e-05,1.29625870516674e-05,1.17521195422659e-05,1.04123679190974e-05,9.01459721138691e-06,7.62553837111374e-06,6.30221525559163e-06,5.08852058269774e-06,4.01372075452485e-06,3.09275534860638e-06,2.32795850129594e-06,1.25630325250871e-06,2.7895853216328e-07,1.25138461116301e-08,7.77222929294717e-12,8.71748771582282e-22,1.44964531030955e-79,0
0,8.70205506179114e-81,5.23300820994706e-23,4.66558038952315e-13,7.51226429435552e-10,1.6854235387029e-08,8.21848238657205e-08,1.74178111350733e-07,2.43334605041537e-07,3.35314238764703e-07,4.56284298231854e-07,6.13756196858603e-07,8.16736910916863e-07,1.07576872476429e-06,1.40276073542784e-06,1.81050082006847e-06,2.31174420536822e-06,2.91781442694638e-06,3.63672920863842e-06,4.47097338437911e-06,5.41516759481159e-06,6.45399820048956e-06,7.56084706606797e-06,8.69755734743173e-06,9.81567229083244e-06,1.08592879541702e-05,1.17693927354549e-05,1.24892753021246e-05,1.2970330921302e-05,1.31774464783893e-05,1.30931411238768e-05,1.27197956187632e-05,1.20795949140118e-05,1.12121781641501e-05,1.01703617420893e-05,9.0145972113869e-06,7.80698987063949e-06,6.60570907637003e-06,5.46048037926415e-06,4.40960384580813e-06,3.47865286209129e-06,2.68073487897932e-06,2.01798869320464e-06,1.08924035536352e-06,2.41888084761656e-07,1.08509850084218e-08,6.73944266826461e-12,7.55909359563833e-22,1.2570140547739e-79,0
0,5.84308266256278e-81,3.5137561561575e-23,3.13275102227066e-13,5.04424666161719e-10,1.13361351004467e-08,5.63792875758809e-08,1.23033626816942e-07,1.73574151984023e-07,2.41814136146832e-07,3.33008375637577e-07,4.53685140408232e-07,6.11792841542955e-07,8.16736910916864e-07,1.07922106369466e-06,1.41079713824429e-06,1.82303734283502e-06,2.32627989469057e-06,2.92796709848954e-06,3.63068954881344e-06,4.4301574134499e-06,5.31341670412548e-06,6.25768689312279e-06,7.23018956191025e-06,8.18924921757522e-06,9.0867775999543e-06,9.87202366195574e-06,1.0496224486773e-05,1.09175809299185e-05,1.11058579176671e-05,1.10459100516202e-05,1.0739568810223e-05,1.02055771390122e-05,9.47757183683487e-06,8.60042902462117e-06,7.62553837111376e-06,6.60570907637006e-06,5.59041380884359e-06,4.62195576731637e-06,3.73293482673703e-06,2.94514231430099e-06,2.2697825569835e-06,1.70874413987311e-06,9.2246529404721e-07,2.04869323519429e-07,9.19040006712988e-09,5.70806955767897e-12,6.40228490111258e-22,1.06464644226774e-79,0
0,3.83220848952234e-81,2.3045106409349e-23,2.05462694260403e-13,3.30833926632919e-10,7.45072272163244e-09,3.79655530959815e-08,8.57219216858237e-08,1.2226485493369e-07,1.72380530626467e-07,2.40436676728955e-07,3.31943109383955e-07,4.53685140408232e-07,6.13756196858605e-07,8.21415988856119e-07,1.08669395698759e-06,1.41966788996965e-06,1.82938068639442e-06,2.32241654979586e-06,2.90123738893878e-06,3.5624689648835e-06,4.29540528513213e-06,5.08104576862264e-06,5.89197121056852e-06,6.69328830547353e-06,7.44472956152792e-06,8.10380447779442e-06,8.62969345011852e-06,8.98740198143975e-06,9.15159223988777e-06,9.10951193261326e-06,8.86255490898854e-06,8.426196045486e-06,7.82830423797708e-06,7.10609804641267e-06,6.30221525559165e-06,5.46048037926417e-06,4.62195576731637e-06,3.82176089894055e-06,3.08697061712043e-06,2.43569872936104e-06,1.87728175214784e-06,1.41333263914423e-06,7.63082183757658e-07,1.69483283528547e-07,7.60302764607819e-09,4.72216790531392e-12,5.29647790294666e-22,8.80759985383039e-80,0
0,2.454952659786e-81,1.47629351141422e-23,1.31621541289613e-13,2.11939736715013e-10,4.78583790831891e-09,2.51202738657416e-08,5.89787247604383e-08,8.51324357781267e-08,1.21568390787352e-07,1.71829099564992e-07,2.40436676728954e-07,3.33008375637576e-07,4.56284298231854e-07,6.180060532794e-07,8.26580854238148e-07,1.09047515935307e-06,1.41731019143672e-06,1.81268008397634e-06,2.27877838932372e-06,2.81299043145423e-06,3.40667199051348e-06,4.04437050142863e-06,4.70373617890488e-06,5.35630691918041e-06,5.96923377340479e-06,6.50785858451776e-06,6.93889012308286e-06,7.23378522382107e-06,7.37186142665109e-06,7.34267148217289e-06,7.14726398976345e-06,6.79812373257459e-06,6.31779703581913e-06,5.73641829410539e-06,5.08852058269774e-06,4.40960384580814e-06,3.73293482673702e-06,3.08697061712042e-06,2.49365676003723e-06,1.96768542586105e-06,1.51664418370677e-06,1.14186877655108e-06,6.1657496416435e-07,1.36950670457938e-07,6.14363803496135e-09,3.8157550569367e-12,4.27982713604698e-22,7.11699464221204e-80,0
