0,0,0,0,0,0,0,0,0,0,0,0,0,0,0,0,0,0,0,0,0,0,0,0,0,0,0,0,0,0,0,0,0,0,0,0,0,0,0,0,0,0,0,0,0,0,0,0,0,0
0,2.00845723607079e-152,1.20779208256438e-94,1.07682824568937e-84,1.73377015492921e-81,3.86476722575461e-80,1.73963495241738e-79,3.22051069065766e-79,4.27685963630231e-79,5.54768947747197e-79,7.0288809238884e-79,8.69855517814291e-79,1.05146532278623e-78,1.24145128032775e-78,1.43169761680081e-78,1.61272314297147e-78,1.77441511916588e-78,1.90694222451244e-78,2.00173570629106e-78,2.05240390232998e-78,2.05544481992941e-78,2.01064643289584e-78,1.92111112966262e-78,1.79290039627216e-78,1.63435626915757e-78,1.45520506675694e-78,1.26557695463171e-78,1.07507759887896e-78,8.9202692268032e-79,7.22941251600051e-79,5.7228840378456e-79,4.42500514616821e-79,3.34194662312181e-79,2.46531338173636e-79,1.77636272684253e-79,1.25019588623564e-79,8.59431710959353e-80,5.77074092763743e-80,3.78476288131558e-80,2.42455850915959e-80,1.51709772450508e-80,9.27216902406613e-81,5.53523441292526e-81,1.08835002302556e-81,1.74694802430776e-83,5.55466000983989e-87,6.1371687394331e-95,9.1311537802318e-119,6.75718460894601e-253,0
0,1.20779208256393e-94,7.26309571598611e-37,6.47554055952548e-27,1.04260814146375e-23,2.32408993947562e-22,1.04613495589867e-21,1.93666424364532e-21,2.5719030080366e-21,3.33612053424767e-21,4.22683967410004e-21,5.23090354388635e-21,6.32301982409255e-21,7.46550636150013e-21,8.60955869581064e-21,9.69816139704941e-21,1.06705011867865e-20,1.14674571074205e-20,1.20375006946809e-20,1.23421954868555e-20,1.23604821405836e-20,1.20910856296743e-20,1.15526622646511e-20,1.07816629826766e-20,9.82825288249117e-21,8.75092148625687e-21,7.61058686352689e-21,6.46501298981166e-21,5.36423198511757e-21,4.34742997839292e-21,3.44147433473065e-21,2.66099077683249e-21,2.00969012397516e-21,1.48252396417726e-21,1.06822131868707e-21,7.51809232445227e-22,5.16821965316932e-22,3.47025322608496e-22,2.27597907505252e-22,1.45801589323599e-22,9.1231149323233e-23,5.57584803616267e-23,3.3286306419676e-23,6.54482713030128e-24,1.05053269470525e-25,3.34031228583388e-29,3.69060574441095e-37,1.0982096150589e-60,9.13115378022765e-119,0
0,1.07682824568891e-84,6.47554055952498e-27,5.77338192662977e-17,9.29555601598299e-14,2.07208320743098e-12,9.32699994955438e-12,1.72666702330751e-11,2.29302530146607e-11,2.97437686019611e-11,3.76851315452916e-11,4.66370393369988e-11,5.63739938599457e-11,6.65600332583709e-11,7.67600327941445e-11,8.64656613867583e-11,9.51347275707236e-11,1.02240128064145e-10,1.07322451793017e-10,1.10039011731706e-10,1.1020204960547e-10,1.07800197694345e-10,1.0299978961171e-10,9.6125810090307e-11,8.7625514879269e-11,7.80203775868987e-11,6.78535239623294e-11,5.76399588752508e-11,4.78257524795353e-11,3.87602755907201e-11,3.0683068921448e-11,2.37245306714284e-11,1.79177453017266e-11,1.3217702808605e-11,9.52391480131754e-12,6.70288726911111e-12,4.60781701369064e-12,3.09396522080949e-12,2.02918912386066e-12,1.29991968134204e-12,8.13387337944092e-13,4.97124526768484e-13,2.96769912501243e-13,5.83515563895863e-14,9.36620994327249e-16,2.97816706812046e-19,6.58084875146208e-27,3.69060574441058e-37,6.13716873943031e-95,0
0,1.73377015492838e-81,1.04260814146366e-23,9.29555601598279e-14,1.49665071088764e-10,3.33620151881913e-09,1.50171343818419e-08,2.78005701404786e-08,3.69193427477845e-08,4.78895896552146e-08,6.06757519965134e-08,7.50889647552254e-08,9.07661603838971e-08,1.07166416957218e-07,1.23589153343827e-07,1.39215921053192e-07,1.53173753974462e-07,1.64613978978125e-07,1.72796912039386e-07,1.77170802876904e-07,1.77433347127694e-07,1.73566241280507e-07,1.65837293061643e-07,1.5476974923036e-07,1.41083721090246e-07,1.25618815627514e-07,1.09249501171877e-07,9.2804969546384e-08,7.70034231557125e-08,6.24073722147081e-08,4.94024934700787e-08,3.81987373674592e-08,2.88493732135675e-08,2.12819334649581e-08,1.53346270266608e-08,1.07925217543853e-08,7.41925684199988e-09,4.98179511403211e-09,3.26737955103792e-09,2.09315764209199e-09,1.30976496033938e-09,8.00524167840945e-10,4.77909757672276e-10,9.39982720170336e-11,1.51871484238301e-12,9.58995150394661e-16,2.97816706812034e-19,3.34031228583352e-29,5.55466000983721e-87,0
0,3.86476722575274e-80,2.32408993947539e-22,2.07208320743093e-12,3.3362015188191e-09,7.43676713292058e-08,3.34749629767532e-07,6.19710524156276e-07,8.2298137269962e-07,1.06752551735781e-06,1.35255118696368e-06,1.67384953677496e-06,2.02332888018796e-06,2.38893329300811e-06,2.755048168289e-06,3.10343170696479e-06,3.41462688460503e-06,3.66971798006715e-06,3.85221822936538e-06,3.94982922780485e-06,3.95581174072754e-06,3.86975566196676e-06,3.69762686616388e-06,3.45108348001107e-06,3.1461704030215e-06,2.80159511646622e-06,2.43684174690654e-06,2.07038550580043e-06,1.7182287220757e-06,1.39290514149504e-06,1.10300924997598e-06,8.53221260443503e-07,6.44731629641534e-07,4.75930495165147e-07,3.43218753132104e-07,2.41813816739594e-07,1.66455673432375e-07,1.11957852666365e-07,7.35847719999026e-08,4.72658565443138e-08,2.96752388281509e-08,1.82139402562568e-08,1.09312753243952e-08,2.245566697887e-09,6.72311797152995e-11,1.51871484238299e-12,9.36620994327216e-16,1.05053269470513e-25,1.74694802430696e-83,0
0,1.73963495241659e-79,1.04613495589856e-21,9.32699994955408e-12,1.50171343818418e-08,3.3474962976753e-07,1.50685220670614e-06,2.78976086158108e-06,3.70492511007396e-06,4.80598017231932e-06,6.0894130480998e-06,7.53634655413576e-06,9.11044483553342e-06,1.07575474483578e-05,1.24074927832418e-05,1.39783053483946e-05,1.5382541533806e-05,1.65351818004457e-05,1.73621090456419e-05,1.78080070698492e-05,1.78425097554074e-05,1.74636488337567e-05,1.66980536886791e-05,1.55978730658092e-05,1.4234911074333e-05,1.26928921766993e-05,1.10590103549889e-05,9.41593849760879e-06,7.83528798046665e-06,6.37317181072969e-06,5.06812009809722e-06,3.94121039021312e-06,2.99797730713381e-06,2.23149575734905e-06,1.62599599140722e-06,1.16044456044462e-06,8.1167314258693e-07,5.56812698148454e-07,3.74955111442654e-07,2.4809266081247e-07,1.61466172472725e-07,1.03486941266856e-07,6.53951197117299e-08,1.88535927627984e-08,2.24556669788698e-09,9.39982720170321e-11,5.8351556389584e-14,6.54482713030054e-24,1.08835002302507e-81,0
0,3.22051069065619e-79,1.93666424364511e-21,1.72666702330746e-11,2.78005701404783e-08,6.19710524156274e-07,2.78976086158108e-06,5.16553342750429e-06,6.86039229344522e-06,8.89976168830023e-06,1.12773158679442e-05,1.3958345236697e-05,1.68758860900387e-05,1.9930044834001e-05,2.29913663335957e-05,2.59085661056139e-05,2.85202435258777e-05,3.06694420365713e-05,3.2219280383588e-05,3.30675012362159e-05,3.3157780957333e-05,3.24860494726398e-05,3.11008214865265e-05,2.90974955285791e-05,2.66075411157443e-05,2.37842700329203e-05,2.07873251019836e-05,1.776805022653e-05,1.48575542487469e-05,1.21586542877217e-05,9.74213567747467e-06,7.64705553113726e-06,5.88427367910736e-06,4.44209032909036e-06,3.29281355731879e-06,2.39922828439453e-06,1.72021656018748e-06,1.2151037846785e-06,8.46606201614594e-07,5.8248524022257e-07,3.96155091999664e-07,2.66545581076995e-07,1.77512184795018e-07,6.53951197117304e-08,1.09312753243953e-08,4.77909757672274e-10,2.96769912501236e-13,3.32863064196729e-23,5.53523441292273e-81,0
0,4.27685963630023e-79,2.57190300803634e-21,2.29302530146599e-11,3.69193427477841e-08,8.22981372699615e-07,3.70492511007396e-06,6.86039229344521e-06,9.11153363477433e-06,1.1820394062211e-05,1.49786699401677e-05,1.85403959954519e-05,2.24168095076275e-05,2.64754537555332e-05,3.05446472350829e-05,3.44237413970504e-05,3.78986570730557e-05,4.07611930973893e-05,4.28297495507235e-05,4.39686083266612e-05,4.41029122288953e-05,4.32270235074534e-05,4.14049426099722e-05,3.87627360506675e-05,3.54742003183971e-05,3.17420155818519e-05,2.77772194940332e-05,2.37798673222547e-05,1.99232744614833e-05,1.63434028732751e-05,1.31339591701244e-05,1.03468317412357e-05,7.9967775231307e-06,6.06887055628877e-06,4.52715549010853e-06,3.32315094037041e-06,2.40321940577393e-06,1.71425174120858e-06,1.20751124555679e-06,8.40784325303309e-07,5.79167196899281e-07,3.9488782462268e-07,2.66545581076995e-07,1.03486941266856e-07,1.82139402562568e-08,8.00524167840941e-10,4.97124526768471e-13,5.57584803616215e-23,9.2721690240619e-81,0
0,5.54768947746928e-79,3.33612053424731e-21,2.97437686019601e-11,4.78895896552139e-08,1.0675255173578e-06,4.80598017231932e-06,8.8997616883002e-06,1.1820394062211e-05,1.53350909545632e-05,1.94332400814122e-05,2.40554295679407e-05,2.90867924900608e-05,3.43558453706237e-05,3.96402788867009e-05,4.46802461495172e-05,4.91984848918494e-05,5.29253185894997e-05,5.5625479926592e-05,5.71230548001723e-05,5.7320846294639e-05,5.62111607725034e-05,5.38763165211348e-05,5.0478819624708e-05,4.62428063669301e-05,4.14296779869863e-05,3.63115944631736e-05,3.11465332831044e-05,2.61580032227321e-05,2.15214173476871e-05,1.73578407453303e-05,1.37346131532208e-05,1.06714245342146e-05,8.14991424868912e-06,6.12478433566071e-06,4.53468642294304e-06,3.3116279761939e-06,2.3882029622516e-06,1.7024633068873e-06,1.20063283156542e-06,8.38094725780161e-07,5.79167196899281e-07,3.96155091999663e-07,1.61466172472726e-07,2.96752388281509e-08,1.30976496033938e-09,8.1338733794407e-13,9.12311493232245e-23,1.51709772450434e-80,0
0,7.02888092388499e-79,4.22683967409958e-21,3.76851315452902e-11,6.06757519965125e-08,1.35255118696367e-06,6.08941304809979e-06,1.12773158679442e-05,1.49786699401677e-05,1.94332400814122e-05,2.46278342368849e-05,3.04875161132605e-05,3.68671830074166e-05,4.35500965109856e-05,5.02552089084571e-05,5.66539714385363e-05,6.23957798177942e-05,6.71395787466682e-05,7.05877551425817e-05,7.25176371571511e-05,7.28059226684187e-05,7.14422555070626e-05,6.85298147194453e-05,6.42728642630833e-05,5.8953301933356e-05,5.28999183213515e-05,4.64550040585292e-05,3.99429816877624e-05,3.36449484252807e-05,2.77816350534001e-05,2.25056540796827e-05,1.79023774835818e-05,1.39976283088897e-05,1.0769742610281e-05,8.16347164846212e-06,6.10354675971093e-06,4.50635157245124e-06,3.28885482802936e-06,2.37459890785439e-06,1.69701726756356e-06,1.20063283156541e-06,8.4078432530331e-07,5.82485240222569e-07,2.48092660812471e-07,4.72658565443137e-08,2.09315764209198e-09,1.299919681342e-12,1.45801589323586e-22,2.42455850915848e-80,0
0,8.69855517813894e-79,5.23090354388579e-21,4.66370393369972e-11,7.50889647552243e-08,1.67384953677494e-06,7.53634655413573e-06,1.3958345236697e-05,1.85403959954518e-05,2.40554295679407e-05,3.04875161132605e-05,3.774444639715e-05,4.56473249694487e-05,5.39287554684441e-05,6.22418911564883e-05,7.01811923608487e-05,7.73138397467042e-05,8.32187343428239e-05,8.75282984858761e-05,8.99672935949598e-05,9.03828868108354e-05,8.87613122087603e-05,8.52285138879653e-05,8.0034733154e-05,7.35255823969174e-05,6.61042038858716e-05,5.81902419883215e-05,5.01813862056124e-05,4.24222495404278e-05,3.51836293379399e-05,2.86531789946787e-05,2.29366329536535e-05,1.80673158482356e-05,1.40209133935012e-05,1.07323987277685e-05,8.11246244361766e-06,6.06157435952368e-06,4.48068178939949e-06,3.27833405342526e-06,2.37459890785439e-06,1.7024633068873e-06,1.20751124555679e-06,8.46606201614592e-07,3.74955111442655e-07,7.35847719999024e-08,3.26737955103789e-09,2.0291891238606e-12,2.27597907505229e-22,3.78476288131374e-80,0
0,1.05146532278572e-78,6.32301982409187e-21,5.63739938599436e-11,9.07661603838959e-08,2.02332888018795e-06,9.11044483553339e-06,1.68758860900386e-05,2.24168095076275e-05,2.90867924900607e-05,3.68671830074166e-05,4.56473249694487e-05,5.52120030335438e-05,6.52392545586343e-05,7.53112850094059e-05,8.49394927878135e-05,9.36023240673485e-05,0.000100792244586053,0.000106066049134141,0.0001090915342105,0.000109683590876644,0.000107824131098859,0.000103662733747495,9.74980062314685e-05,8.97427649488432e-05,8.08786018537579e-05,7.14067440578003e-05,6.1802120476218e-05,5.24763263003144e-05,4.37530875019554e-05,3.58573889585483e-05,2.89171667521624e-05,2.29747880915986e-05,1.80046677660327e-05,1.39333041416788e-05,1.06585949949382e-05,8.0662509690811e-06,6.04218388444434e-06,4.48068178939949e-06,3.28885482802936e-06,2.3882029622516e-06,1.71425174120858e-06,1.2151037846785e-06,5.56812698148457e-07,1.11957852666365e-07,4.98179511403207e-09,3.09396522080939e-12,3.47025322608461e-22,5.7707409276348e-80,0
0,1.24145128032715e-78,7.46550636149927e-21,6.65600332583683e-11,1.07166416957216e-07,2.38893329300809e-06,1.07575474483577e-05,1.99300448340008e-05,2.6475453755533e-05,3.43558453706235e-05,4.35500965109854e-05,5.39287554684439e-05,6.52392545586341e-05,7.71033349514704e-05,8.90298975352996e-05,0.000100444450546431,0.000110733630099513,0.000119300404914813,0.00012562315032534,0.000129310382409713,0.000130142998321209,0.000128097485205864,0.00012334648729882,0.000116236788479765,0.0001072484184479,9.69414692415799e-05,8.58987508028779e-05,7.46723812265086e-05,6.37409287413068e-05,5.34812376856468e-05,4.41561938886767e-05,3.59170378017252e-05,2.88168970134262e-05,2.28312308254637e-05,1.78808546536793e-05,1.38539350803082e-05,1.06244990310231e-05,8.06625096908107e-06,6.06157435952366e-06,4.50635157245122e-06,3.31162797619389e-06,2.40321940577392e-06,1.72021656018747e-06,8.11673142586929e-07,1.66455673432373e-07,7.41925684199978e-09,4.60781701369048e-12,5.16821965316876e-22,8.59431710958961e-80,0
0,1.43169761680011e-78,8.60955869580971e-21,7.67600327941415e-11,1.23589153343825e-07,2.75504816828896e-06,1.24074927832417e-05,2.29913663335955e-05,3.05446472350827e-05,3.96402788867006e-05,5.02552089084569e-05,6.22418911564881e-05,7.53112850094056e-05,8.90298975352996e-05,0.000102834550141199,0.000116066195098422,0.000128021005258514,0.000138013668781681,0.000145445042095025,0.000149864731119732,0.000151019260632357,0.00014887837746394,0.000143635419927594,0.000135681909766404,0.00012556070744616,0.000113905346520662,0.000101374883330427,8.85934998945621e-05,7.6102342722574e-05,6.43281873083743e-05,5.35702038388521e-05,4.40030831063258e-05,3.56926112810575e-05,2.86187311958747e-05,2.27011760055785e-05,1.78236552784023e-05,1.38539350803082e-05,1.06585949949381e-05,8.11246244361763e-06,6.10354675971091e-06,4.53468642294302e-06,3.3231509403704e-06,2.39922828439452e-06,1.16044456044462e-06,2.41813816739592e-07,1.07925217543851e-08,6.70288726911089e-12,7.51809232445145e-22,1.25019588623504e-79,0
0,1.61272314297068e-78,9.69816139704829e-21,8.64656613867549e-11,1.3921592105319e-07,3.10343170696476e-06,1.39783053483945e-05,2.59085661056137e-05,3.44237413970502e-05,4.4680246149517e-05,5.66539714385361e-05,7.01811923608485e-05,8.49394927878133e-05,0.000100444450546431,0.000116066195098422,0.000131067295532647,0.000144659950122363,0.000156076758600842,0.000164646255958782,0.000169862638331993,0.000171439249871189,0.00016933755477887,0.000163767149106518,0.000155157116574798,0.000144103709613539,0.000131302962166997,0.000117478696845382,0.000103316192519308,8.94097304206459e-05,7.62289391323607e-05,6.41051305134244e-05,5.32354720459526e-05,4.37004860940767e-05,3.54892934587784e-05,2.85271822415697e-05,2.27011760055786e-05,1.78808546536793e-05,1.39333041416788e-05,1.07323987277685e-05,8.16347164846211e-06,6.1247843356607e-06,4.52715549010852e-06,3.29281355731878e-06,1.62599599140722e-06,3.43218753132102e-07,1.53346270266606e-08,9.52391480131722e-12,1.06822131868696e-21,1.77636272684167e-79,0
0,1.77441511916502e-78,1.06705011867853e-20,9.51347275707197e-11,1.53173753974459e-07,3.41462688460498e-06,1.53825415338059e-05,2.85202435258775e-05,3.78986570730554e-05,4.91984848918491e-05,6.23957798177938e-05,7.73138397467038e-05,9.3602324067348e-05,0.000110733630099512,0.000128021005258514,0.000144659950122362,0.000159790642199739,0.000172575074520391,0.000182279228060064,0.000188348722242874,0.000190466591499549,0.000188584250276134,0.000182920944851631,0.000173932204666875,0.000162252900783445,0.000148624419600119,0.000133817388212265,0.000118561052759121,0.0001034880592264,8.90997038407053e-05,7.57526249196431e-05,6.36642972900719e-05,5.29322238425874e-05,4.35606918531248e-05,3.54892934587783e-05,2.86187311958746e-05,2.28312308254636e-05,1.80046677660327e-05,1.40209133935012e-05,1.07697426102809e-05,8.14991424868908e-06,6.06887055628873e-06,4.44209032909032e-06,2.23149575734904e-06,4.75930495165142e-07,2.12819334649577e-08,1.32177028086045e-11,1.48252396417708e-21,2.46531338173517e-79,0
0,1.90694222451152e-78,1.14674571074192e-20,1.02240128064141e-10,1.64613978978122e-07,3.6697179800671e-06,1.65351818004455e-05,3.0669442036571e-05,4.07611930973889e-05,5.29253185894994e-05,6.71395787466677e-05,8.32187343428234e-05,0.000100792244586052,0.000119300404914813,0.000138013668781681,0.000156076758600842,0.000172575074520391,0.000186616605652862,0.000197418973104505,0.000204389285429051,0.000207184775956077,0.000205744844522313,0.000200289707642425,0.000191286449319378,0.0001793886711016,0.000165360012100031,0.000149993727600632,0.000134039993723589,0.000118149944510297,0.000102841417229054,8.8486989860884e-05,7.53211109962342e-05,6.34606404681262e-05,5.29322238425873e-05,4.37004860940766e-05,3.56926112810574e-05,2.88168970134262e-05,2.29747880915984e-05,1.80673158482355e-05,1.39976283088896e-05,1.06714245342145e-05,7.99677752313064e-06,5.88427367910731e-06,2.9979773071338e-06,6.44731629641527e-07,2.88493732135669e-08,1.7917745301726e-11,2.00969012397493e-21,3.34194662312019e-79,0
0,2.00173570629009e-78,1.20375006946795e-20,1.07322451793012e-10,1.72796912039382e-07,3.85221822936532e-06,1.73621090456418e-05,3.22192803835876e-05,4.28297495507231e-05,5.56254799265916e-05,7.05877551425813e-05,8.75282984858756e-05,0.000106066049134141,0.000125623150325339,0.000145445042095024,0.000164646255958782,0.000182279228060063,0.000197418973104505,0.000209252777096549,0.000217162108800466,0.000220784345546112,0.000220044771201423,0.000215154152010109,0.000206573041249705,0.000194949547412045,0.000181041416614092,0.000165635088833613,0.000149473627135484,0.00013320244889075,0.000117337460073245,0.000102255595899635,8.82039272982597e-05,7.53211109962342e-05,6.36642972900718e-05,5.32354720459524e-05,4.40030831063257e-05,3.59170378017252e-05,2.89171667521622e-05,2.29366329536533e-05,1.79023774835817e-05,1.37346131532207e-05,1.03468317412356e-05,7.64705553113719e-06,3.94121039021309e-06,8.53221260443493e-07,3.81987373674584e-08,2.37245306714275e-11,2.66099077683219e-21,4.42500514616619e-79,0
0,2.05240390232898e-78,1.23421954868541e-20,1.10039011731701e-10,1.771708028769e-07,3.94982922780479e-06,1.7808007069849e-05,3.30675012362156e-05,4.39686083266608e-05,5.71230548001718e-05,7.25176371571506e-05,8.99672935949593e-05,0.000109091534210499,0.000129310382409713,0.000149864731119732,0.000169862638331992,0.000188348722242873,0.000204389285429051,0.000217162108800466,0.0002260379615692,0.000230641398838821,0.000230881452963596,0.000226947845364698,0.00021927431194126,0.000208476242075213,0.000195273846400867,0.000180413658863829,0.00016460012300785,0.000148445738410689,0.000132443680314882,0.000116962107242367,0.000102255595899635,8.8486989860884e-05,7.57526249196431e-05,6.41051305134242e-05,5.3570203838852e-05,4.41561938886766e-05,3.5857388958548e-05,2.86531789946785e-05,2.25056540796826e-05,1.73578407453301e-05,1.31339591701243e-05,9.74213567747458e-06,5.06812009809719e-06,1.10300924997597e-06,4.94024934700778e-08,3.06830689214469e-11,3.44147433473025e-21,5.72288403784283e-79,0
0,2.05544481992841e-78,1.23604821405822e-20,1.10202049605465e-10,1.7743334712769e-07,3.95581174072748e-06,1.78425097554072e-05,3.31577809573326e-05,4.41029122288949e-05,5.73208462946385e-05,7.28059226684182e-05,9.03828868108348e-05,0.000109683590876644,0.000130142998321208,0.000151019260632357,0.000171439249871189,0.000190466591499549,0.000207184775956077,0.000220784345546112,0.000230641398838821,0.000236375332059611,0.000237876902198491,0.000235302787632061,0.000229038763540817,0.000219639075227869,0.000207753354577115,0.000194053683697943,0.000179173004112224,0.00016366250210101,0.000147970872770087,0.000132443680314882,0.000117337460073245,0.000102841417229054,8.90997038407052e-05,7.62289391323604e-05,6.43281873083742e-05,5.34812376856467e-05,4.37530875019551e-05,3.51836293379397e-05,2.77816350533999e-05,2.1521417347687e-05,1.6343402873275e-05,1.21586542877216e-05,6.37317181072964e-06,1.39290514149502e-06,6.24073722147068e-08,3.87602755907185e-11,4.34742997839241e-21,7.229412515997e-79,0
0,2.01064643289486e-78,1.20910856296729e-20,1.07800197694341e-10,1.73566241280503e-07,3.8697556619667e-06,1.74636488337565e-05,3.24860494726394e-05,4.3227023507453e-05,5.62111607725029e-05,7.14422555070621e-05,8.87613122087598e-05,0.000107824131098858,0.000128097485205863,0.00014887837746394,0.00016933755477887,0.000188584250276134,0.000205744844522313,0.000220044771201423,0.000230881452963596,0.000237876902198491,0.000240901873438272,0.000240068512071175,0.000235694214322243,0.000228244575881373,0.000218266667132074,0.000206324692312067,0.000192948284822416,0.000178599844489812,0.00016366250210101,0.000148445738410689,0.00013320244889075,0.000118149944510297,0.0001034880592264,8.94097304206455e-05,7.61023427225739e-05,6.37409287413066e-05,5.2476326300314e-05,4.24222495404275e-05,3.36449484252805e-05,2.61580032227319e-05,1.99232744614831e-05,1.48575542487468e-05,7.83528798046658e-06,1.71822872207567e-06,7.70034231557108e-08,4.78257524795332e-11,5.36423198511695e-21,8.92026922679888e-79,0
0,1.92111112966169e-78,1.15526622646498e-20,1.02999789611705e-10,1.65837293061639e-07,3.69762686616382e-06,1.6698053688679e-05,3.11008214865262e-05,4.14049426099718e-05,5.38763165211343e-05,6.85298147194448e-05,8.52285138879648e-05,0.000103662733747494,0.000123346487298819,0.000143635419927594,0.000163767149106517,0.000182920944851631,0.000200289707642425,0.000215154152010109,0.000226947845364698,0.000235302787632061,0.000240068512071175,0.000241302614219661,0.000239236078963519,0.000234221486177069,0.000226675001164145,0.000217023342481827,0.000205664676684568,0.000192948284822416,0.000179173004112224,0.00016460012300785,0.000149473627135484,0.000134039993723589,0.000118561052759121,0.000103316192519307,8.85934998945619e-05,7.46723812265084e-05,6.18021204762176e-05,5.01813862056121e-05,3.99429816877621e-05,3.11465332831041e-05,2.37798673222544e-05,1.77680502265298e-05,9.41593849760871e-06,2.07038550580041e-06,9.2804969546382e-08,5.76399588752485e-11,6.46501298981092e-21,1.07507759887844e-78,0
0,1.79290039627129e-78,1.07816629826754e-20,9.61258100903029e-11,1.54769749230357e-07,3.45108348001102e-06,1.55978730658091e-05,2.90974955285788e-05,3.87627360506671e-05,5.04788196247076e-05,6.42728642630828e-05,8.00347331539995e-05,9.74980062314678e-05,0.000116236788479764,0.000135681909766403,0.000155157116574797,0.000173932204666875,0.000191286449319378,0.000206573041249705,0.00021927431194126,0.000229038763540817,0.000235694214322243,0.000239236078963519,0.000239794842157936,0.000237590918724596,0.000232887277196798,0.000225949886581614,0.000217023342481827,0.000206324692312067,0.000194053683697943,0.000180413658863829,0.000165635088833613,0.000149993727600632,0.000133817388212265,0.000117478696845382,0.000101374883330426,8.58987508028777e-05,7.14067440577999e-05,5.81902419883212e-05,4.64550040585289e-05,3.63115944631733e-05,2.77772194940329e-05,2.07873251019834e-05,1.10590103549888e-05,2.4368417469065e-06,1.09249501171875e-07,6.78535239623266e-11,7.61058686352601e-21,1.2655769546311e-78,0
0,1.63435626915678e-78,9.82825288249003e-21,8.76255148792652e-11,1.41083721090243e-07,3.14617040302146e-06,1.42349110743329e-05,2.6607541115744e-05,3.54742003183968e-05,4.62428063669298e-05,5.89533019333556e-05,7.35255823969169e-05,8.97427649488425e-05,0.000107248418447899,0.00012556070744616,0.000144103709613538,0.000162252900783445,0.000179388671101599,0.000194949547412045,0.000208476242075213,0.000219639075227869,0.000228244575881373,0.000234221486177069,0.000237590918724596,0.000238428885357594,0.000236830885024543,0.000232887277196798,0.000226675001164145,0.000218266667132074,0.000207753354577115,0.000195273846400867,0.000181041416614092,0.00016536001210003,0.000148624419600119,0.000131302962166997,0.000113905346520661,9.69414692415796e-05,8.08786018537574e-05,6.61042038858712e-05,5.28999183213511e-05,4.1429677986986e-05,3.17420155818516e-05,2.37842700329201e-05,1.26928921766992e-05,2.80159511646618e-06,1.25618815627512e-07,7.80203775868954e-11,8.75092148625586e-21,1.45520506675624e-78,0
0,1.45520506675624e-78,8.75092148625586e-21,7.80203775868954e-11,1.25618815627512e-07,2.80159511646618e-06,1.26928921766992e-05,2.37842700329201e-05,3.17420155818516e-05,4.1429677986986e-05,5.28999183213511e-05,6.61042038858712e-05,8.08786018537574e-05,9.69414692415796e-05,0.000113905346520661,0.000131302962166997,0.000148624419600119,0.00016536001210003,0.000181041416614092,0.000195273846400867,0.000207753354577115,0.000218266667132074,0.000226675001164145,0.000232887277196798,0.000236830885024543,0.000238428885357594,0.000237590918724596,0.000234221486177069,0.000228244575881373,0.000219639075227869,0.000208476242075213,0.000194949547412045,0.000179388671101599,0.000162252900783445,0.000144103709613538,0.00012556070744616,0.000107248418447899,8.97427649488425e-05,7.35255823969169e-05,5.89533019333556e-05,4.62428063669298e-05,3.54742003183968e-05,2.6607541115744e-05,1.42349110743329e-05,3.14617040302146e-06,1.41083721090243e-07,8.76255148792652e-11,9.82825288249003e-21,1.63435626915678e-78,0
0,1.2655769546311e-78,7.61058686352601e-21,6.78535239623266e-11,1.09249501171875e-07,2.4368417469065e-06,1.10590103549888e-05,2.07873251019834e-05,2.77772194940329e-05,3.63115944631733e-05,4.64550040585289e-05,5.81902419883212e-05,7.14067440577999e-05,8.58987508028777e-05,0.000101374883330426,0.000117478696845382,0.000133817388212265,0.000149993727600632,0.000165635088833613,0.000180413658863829,0.000194053683697943,0.000206324692312067,0.000217023342481827,0.000225949886581614,0.000232887277196798,0.000237590918724596,0.000239794842157936,0.000239236078963519,0.000235694214322243,0.000229038763540817,0.00021927431194126,0.000206573041249705,0.000191286449319378,0.000173932204666875,0.000155157116574797,0.000135681909766403,0.000116236788479764,9.74980062314678e-05,8.00347331539995e-05,6.42728642630828e-05,5.04788196247076e-05,3.87627360506671e-05,2.90974955285788e-05,1.55978730658091e-05,3.45108348001102e-06,1.54769749230357e-07,9.61258100903029e-11,1.07816629826754e-20,1.79290039627129e-78,0
0,1.07507759887844e-78,6.46501298981092e-21,5.76399588752485e-11,9.2804969546382e-08,2.07038550580041e-06,9.41593849760871e-06,1.77680502265298e-05,2.37798673222544e-05,3.11465332831041e-05,3.99429816877621e-05,5.01813862056121e-05,6.18021204762176e-05,7.46723812265084e-05,8.85934998945619e-05,0.000103316192519307,0.000118561052759121,0.000134039993723589,0.000149473627135484,0.00016460012300785,0.000179173004112224,0.000192948284822416,0.000205664676684568,0.000217023342481827,0.000226675001164145,0.000234221486177069,0.000239236078963519,0.000241302614219661,0.000240068512071175,0.000235302787632061,0.000226947845364698,0.000215154152010109,0.000200289707642425,0.000182920944851631,0.000163767149106517,0.000143635419927594,0.000123346487298819,0.000103662733747494,8.52285138879648e-05,6.85298147194448e-05,5.38763165211343e-05,4.14049426099718e-05,3.11008214865262e-05,1.6698053688679e-05,3.69762686616382e-06,1.65837293061639e-07,1.02999789611705e-10,1.15526622646498e-20,1.92111112966169e-78,0
0,8.92026922679888e-79,5.36423198511695e-21,4.78257524795332e-11,7.70034231557108e-08,1.71822872207567e-06,7.83528798046658e-06,1.48575542487468e-05,1.99232744614831e-05,2.61580032227319e-05,3.36449484252805e-05,4.24222495404275e-05,5.2476326300314e-05,6.37409287413066e-05,7.61023427225739e-05,8.94097304206455e-05,0.0001034880592264,0.000118149944510297,0.00013320244889075,0.000148445738410689,0.00016366250210101,0.000178599844489812,0.000192948284822416,0.000206324692312067,0.000218266667132074,0.000228244575881373,0.000235694214322243,0.000240068512071175,0.000240901873438272,0.000237876902198491,0.000230881452963596,0.000220044771201423,0.000205744844522313,0.000188584250276134,0.00016933755477887,0.00014887837746394,0.000128097485205863,0.000107824131098858,8.87613122087598e-05,7.14422555070621e-05,5.62111607725029e-05,4.3227023507453e-05,3.24860494726394e-05,1.74636488337565e-05,3.8697556619667e-06,1.73566241280503e-07,1.07800197694341e-10,1.20910856296729e-20,2.01064643289486e-78,0
0,7.229412515997e-79,4.34742997839241e-21,3.87602755907185e-11,6.24073722147068e-08,1.39290514149502e-06,6.37317181072964e-06,1.21586542877216e-05,1.6343402873275e-05,2.1521417347687e-05,2.77816350533999e-05,3.51836293379397e-05,4.37530875019551e-05,5.34812376856467e-05,6.43281873083742e-05,7.62289391323604e-05,8.90997038407052e-05,0.000102841417229054,0.000117337460073245,0.000132443680314882,0.000147970872770087,0.00016366250210101,0.000179173004112224,0.000194053683697943,0.000207753354577115,0.000219639075227869,0.000229038763540817,0.000235302787632061,0.000237876902198491,0.000236375332059611,0.000230641398838821,0.000220784345546112,0.000207184775956077,0.000190466591499549,0.000171439249871189,0.000151019260632357,0.000130142998321208,0.000109683590876644,9.03828868108348e-05,7.28059226684182e-05,5.73208462946385e-05,4.41029122288949e-05,3.31577809573326e-05,1.78425097554072e-05,3.95581174072748e-06,1.7743334712769e-07,1.10202049605465e-10,1.23604821405822e-20,2.05544481992841e-78,0
0,5.72288403784283e-79,3.44147433473025e-21,3.06830689214469e-11,4.94024934700778e-08,1.10300924997597e-06,5.06812009809719e-06,9.74213567747458e-06,1.31339591701243e-05,1.73578407453301e-05,2.25056540796826e-05,2.86531789946785e-05,3.5857388958548e-05,4.41561938886766e-05,5.3570203838852e-05,6.41051305134242e-05,7.57526249196431e-05,8.8486989860884e-05,0.000102255595899635,0.000116962107242367,0.000132443680314882,0.000148445738410689,0.00016460012300785,0.000180413658863829,0.000195273846400867,0.000208476242075213,0.00021927431194126,0.000226947845364698,0.000230881452963596,0.000230641398838821,0.0002260379615692,0.000217162108800466,0.000204389285429051,0.000188348722242873,0.000169862638331992,0.000149864731119732,0.000129310382409713,0.000109091534210499,8.99672935949593e-05,7.25176371571506e-05,5.71230548001718e-05,4.39686083266608e-05,3.30675012362156e-05,1.7808007069849e-05,3.94982922780479e-06,1.771708028769e-07,1.10039011731701e-10,1.23421954868541e-20,2.05240390232898e-78,0
0,4.42500514616619e-79,2.66099077683219e-21,2.37245306714275e-11,3.81987373674584e-08,8.53221260443493e-07,3.94121039021309e-06,7.64705553113719e-06,1.03468317412356e-05,1.37346131532207e-05,1.79023774835817e-05,2.29366329536533e-05,2.89171667521622e-05,3.59170378017252e-05,4.40030831063257e-05,5.32354720459524e-05,6.36642972900718e-05,7.53211109962342e-05,8.82039272982597e-05,0.000102255595899635,0.000117337460073245,0.00013320244889075,0.000149473627135484,0.000165635088833613,0.000181041416614092,0.000194949547412045,0.000206573041249705,0.000215154152010109,0.000220044771201423,0.000220784345546112,0.000217162108800466,0.000209252777096549,0.000197418973104505,0.000182279228060063,0.000164646255958782,0.000145445042095024,0.000125623150325339,0.000106066049134141,8.75282984858756e-05,7.05877551425813e-05,5.56254799265916e-05,4.28297495507231e-05,3.22192803835876e-05,1.73621090456418e-05,3.85221822936532e-06,1.72796912039382e-07,1.07322451793012e-10,1.20375006946795e-20,2.00173570629009e-78,0
0,3.34194662312019e-79,2.00969012397494e-21,1.7917745301726e-11,2.88493732135671e-08,6.4473162964153e-07,2.99797730713381e-06,5.88427367910733e-06,7.99677752313067e-06,1.06714245342145e-05,1.39976283088897e-05,1.80673158482356e-05,2.29747880915985e-05,2.88168970134263e-05,3.56926112810575e-05,4.37004860940767e-05,5.29322238425875e-05,6.34606404681263e-05,7.53211109962344e-05,8.84869898608842e-05,0.000102841417229055,0.000118149944510297,0.000134039993723589,0.000149993727600632,0.000165360012100031,0.0001793886711016,0.000191286449319378,0.000200289707642425,0.000205744844522313,0.000207184775956077,0.000204389285429051,0.000197418973104506,0.000186616605652862,0.000172575074520391,0.000156076758600842,0.000138013668781681,0.000119300404914813,0.000100792244586052,8.32187343428235e-05,6.71395787466678e-05,5.29253185894994e-05,4.07611930973889e-05,3.0669442036571e-05,1.65351818004455e-05,3.66971798006711e-06,1.64613978978122e-07,1.02240128064141e-10,1.14674571074192e-20,1.90694222451152e-78,0
0,2.46531338173517e-79,1.48252396417709e-21,1.32177028086045e-11,2.12819334649578e-08,4.75930495165144e-07,2.23149575734905e-06,4.44209032909034e-06,6.06887055628875e-06,8.14991424868911e-06,1.0769742610281e-05,1.40209133935012e-05,1.80046677660327e-05,2.28312308254637e-05,2.86187311958747e-05,3.54892934587783e-05,4.35606918531249e-05,5.29322238425875e-05,6.3664297290072e-05,7.57526249196433e-05,8.90997038407055e-05,0.0001034880592264,0.000118561052759121,0.000133817388212266,0.000148624419600119,0.000162252900783446,0.000173932204666875,0.000182920944851631,0.000188584250276135,0.00019046659149955,0.000188348722242874,0.000182279228060064,0.000172575074520391,0.000159790642199739,0.000144659950122362,0.000128021005258514,0.000110733630099513,9.36023240673481e-05,7.73138397467039e-05,6.23957798177939e-05,4.91984848918492e-05,3.78986570730554e-05,2.85202435258775e-05,1.53825415338059e-05,3.41462688460498e-06,1.53173753974459e-07,9.51347275707199e-11,1.06705011867853e-20,1.77441511916502e-78,0
0,1.77636272684167e-79,1.06822131868696e-21,9.52391480131722e-12,1.53346270266606e-08,3.43218753132102e-07,1.62599599140722e-06,3.29281355731878e-06,4.52715549010852e-06,6.1247843356607e-06,8.16347164846211e-06,1.07323987277685e-05,1.39333041416788e-05,1.78808546536793e-05,2.27011760055786e-05,2.85271822415697e-05,3.54892934587784e-05,4.37004860940767e-05,5.32354720459526e-05,6.41051305134244e-05,7.62289391323607e-05,8.94097304206459e-05,0.000103316192519308,0.000117478696845382,0.000131302962166997,0.000144103709613539,0.000155157116574798,0.000163767149106518,0.00016933755477887,0.000171439249871189,0.000169862638331993,0.000164646255958782,0.000156076758600842,0.000144659950122363,0.000131067295532647,0.000116066195098422,0.000100444450546431,8.49394927878133e-05,7.01811923608485e-05,5.66539714385361e-05,4.4680246149517e-05,3.44237413970502e-05,2.59085661056137e-05,1.39783053483945e-05,3.10343170696476e-06,1.3921592105319e-07,8.64656613867549e-11,9.69816139704829e-21,1.61272314297068e-78,0
0,1.25019588623504e-79,7.51809232445151e-22,6.70288726911091e-12,1.07925217543851e-08,2.41813816739594e-07,1.16044456044463e-06,2.39922828439453e-06,3.32315094037041e-06,4.53468642294304e-06,6.10354675971093e-06,8.11246244361766e-06,1.06585949949382e-05,1.38539350803083e-05,1.78236552784023e-05,2.27011760055786e-05,2.86187311958747e-05,3.56926112810576e-05,4.40030831063259e-05,5.35702038388522e-05,6.43281873083745e-05,7.61023427225742e-05,8.85934998945622e-05,0.000101374883330427,0.000113905346520662,0.00012556070744616,0.000135681909766404,0.000143635419927594,0.00014887837746394,0.000151019260632358,0.000149864731119733,0.000145445042095025,0.000138013668781681,0.000128021005258515,0.000116066195098423,0.000102834550141199,8.90298975352997e-05,7.53112850094057e-05,6.22418911564882e-05,5.0255208908457e-05,3.96402788867007e-05,3.05446472350828e-05,2.29913663335956e-05,1.24074927832418e-05,2.75504816828897e-06,1.23589153343825e-07,7.67600327941416e-11,8.60955869580971e-21,1.43169761680011e-78,0
0,8.59431710958961e-80,5.16821965316879e-22,4.6078170136905e-12,7.41925684199981e-09,1.66455673432374e-07,8.11673142586933e-07,1.72021656018748e-06,2.40321940577393e-06,3.3116279761939e-06,4.50635157245124e-06,6.06157435952369e-06,8.0662509690811e-06,1.06244990310232e-05,1.38539350803083e-05,1.78808546536793e-05,2.28312308254637e-05,2.88168970134263e-05,3.59170378017253e-05,4.41561938886768e-05,5.3481237685647e-05,6.3740928741307e-05,7.46723812265088e-05,8.58987508028782e-05,9.69414692415802e-05,0.0001072484184479,0.000116236788479765,0.00012334648729882,0.000128097485205864,0.000130142998321209,0.000129310382409713,0.00012562315032534,0.000119300404914814,0.000110733630099513,0.000100444450546431,8.90298975352998e-05,7.71033349514706e-05,6.52392545586342e-05,5.3928755468444e-05,4.35500965109855e-05,3.43558453706236e-05,2.64754537555331e-05,1.99300448340009e-05,1.07575474483577e-05,2.38893329300809e-06,1.07166416957216e-07,6.65600332583684e-11,7.46550636149932e-21,1.24145128032715e-78,0
0,5.7707409276348e-80,3.47025322608461e-22,3.09396522080939e-12,4.98179511403207e-09,1.11957852666365e-07,5.56812698148457e-07,1.2151037846785e-06,1.71425174120858e-06,2.3882029622516e-06,3.28885482802936e-06,4.48068178939949e-06,6.04218388444434e-06,8.0662509690811e-06,1.06585949949382e-05,1.39333041416788e-05,1.80046677660327e-05,2.29747880915986e-05,2.89171667521624e-05,3.58573889585483e-05,4.37530875019554e-05,5.24763263003144e-05,6.1802120476218e-05,7.14067440578003e-05,8.08786018537579e-05,8.97427649488432e-05,9.74980062314685e-05,0.000103662733747495,0.000107824131098859,0.000109683590876644,0.0001090915342105,0.000106066049134141,0.000100792244586053,9.36023240673485e-05,8.49394927878135e-05,7.53112850094059e-05,6.52392545586343e-05,5.52120030335438e-05,4.56473249694487e-05,3.68671830074166e-05,2.90867924900607e-05,2.24168095076275e-05,1.68758860900386e-05,9.11044483553339e-06,2.02332888018795e-06,9.07661603838959e-08,5.63739938599436e-11,6.32301982409187e-21,1.05146532278572e-78,0
0,3.78476288131385e-80,2.27597907505229e-22,2.02918912386061e-12,3.2673795510379e-09,7.35847719999026e-08,3.74955111442656e-07,8.46606201614594e-07,1.20751124555679e-06,1.7024633068873e-06,2.3745989078544e-06,3.27833405342527e-06,4.48068178939949e-06,6.06157435952369e-06,8.11246244361768e-06,1.07323987277685e-05,1.40209133935012e-05,1.80673158482356e-05,2.29366329536535e-05,2.86531789946787e-05,3.518362933794e-05,4.24222495404279e-05,5.01813862056125e-05,5.81902419883216e-05,6.61042038858717e-05,7.35255823969175e-05,8.00347331540001e-05,8.52285138879655e-05,8.87613122087604e-05,9.03828868108355e-05,8.99672935949599e-05,8.75282984858762e-05,8.3218734342824e-05,7.73138397467043e-05,7.01811923608488e-05,6.22418911564884e-05,5.39287554684442e-05,4.56473249694487e-05,3.77444463971501e-05,3.04875161132605e-05,2.40554295679407e-05,1.85403959954518e-05,1.3958345236697e-05,7.53634655413574e-06,1.67384953677494e-06,7.50889647552244e-08,4.66370393369972e-11,5.23090354388579e-21,8.69855517813894e-79,0
0,2.42455850915848e-80,1.45801589323586e-22,1.299919681342e-12,2.09315764209199e-09,4.72658565443139e-08,2.48092660812472e-07,5.82485240222571e-07,8.40784325303312e-07,1.20063283156542e-06,1.69701726756357e-06,2.3745989078544e-06,3.28885482802937e-06,4.50635157245125e-06,6.10354675971094e-06,8.16347164846213e-06,1.0769742610281e-05,1.39976283088897e-05,1.79023774835818e-05,2.25056540796828e-05,2.77816350534001e-05,3.36449484252808e-05,3.99429816877624e-05,4.64550040585293e-05,5.28999183213516e-05,5.89533019333561e-05,6.42728642630834e-05,6.85298147194454e-05,7.14422555070627e-05,7.28059226684188e-05,7.25176371571512e-05,7.05877551425819e-05,6.71395787466682e-05,6.23957798177942e-05,5.66539714385364e-05,5.02552089084572e-05,4.35500965109857e-05,3.68671830074167e-05,3.04875161132606e-05,2.46278342368849e-05,1.94332400814122e-05,1.49786699401677e-05,1.12773158679442e-05,6.08941304809979e-06,1.35255118696367e-06,6.06757519965126e-08,3.76851315452903e-11,4.22683967409958e-21,7.02888092388499e-79,0
