0,0,0,0,0,0,0,0,0,0,0,0,0,0,0,0,0,0,0,0,0,0,0,0,0,0,0,0,0,0,0,0,0,0,0,0,0,0,0,0,0,0,0,0,0,0,0,0,0,0
0,3.51269287733911e-253,4.74679037231488e-119,3.19038033820848e-95,2.8875657217895e-87,9.08143292983385e-84,5.65774001330463e-82,2.87746741015987e-81,4.82009653031914e-81,7.88656619509618e-81,1.26039614109957e-80,1.96749243730991e-80,2.99989444222589e-80,4.46771817607008e-80,6.49908865748966e-80,9.23434397498384e-80,1.28158238343302e-79,1.73729634142893e-79,2.3003195796291e-79,2.97501624729235e-79,3.75817849029434e-79,4.63716295917675e-79,5.58874389663326e-79,6.57904646910424e-79,7.56481991966733e-79,8.49612961306531e-79,9.32031432650612e-79,9.98681221881268e-79,1.04522575782915e-78,1.06851400347523e-78,1.0669331957557e-78,1.04059355556032e-78,9.91315578483749e-79,9.22421942162393e-79,8.3836707523619e-79,7.44261746878866e-79,6.45363020598144e-79,5.46599651166638e-79,4.52190588028866e-79,3.6539330188356e-79,2.88394212101231e-79,2.22330678400014e-79,1.67416840284123e-79,9.04341624533044e-80,2.00908234599694e-80,9.0129283519903e-82,5.59784455754142e-85,6.27865433795053e-95,1.04408771343131e-152,0
0,4.74679037231677e-119,5.7089946714431e-61,1.91854526133508e-37,1.73644673833581e-29,5.46114828536347e-26,3.40229977046768e-24,1.73037408684264e-23,2.89858022464309e-23,4.74261141237583e-23,7.57943187823617e-23,1.18315777185148e-22,1.80399596803865e-22,2.68667639184764e-22,3.90824742664536e-22,5.55310182380689e-22,7.70683601356003e-22,1.04472862481808e-21,1.38330442179561e-21,1.78903538718605e-21,2.25999246781166e-21,2.78857254566791e-21,3.36080873847219e-21,3.95633030840793e-21,4.54912827662438e-21,5.1091742929898e-21,5.60480036537364e-21,6.00560097138931e-21,6.28549800377258e-21,6.42554260219873e-21,6.41603636520528e-21,6.25764210958333e-21,5.96130744290997e-21,5.54701339176657e-21,5.04154680302767e-21,4.47564144803251e-21,3.88091084370432e-21,3.28699421205064e-21,2.71926233839024e-21,2.19730412533173e-21,1.73426767459949e-21,1.3369925346684e-21,1.00676644018924e-21,5.43828683244137e-22,1.20816799438676e-22,5.41995284178979e-24,3.36628144956281e-27,3.7756885545502e-37,6.27865433795463e-95,0
0,3.19038033821065e-95,1.91854526133513e-37,3.42102545274618e-27,1.54818713016418e-19,4.86898329103527e-16,3.03338014829429e-14,1.54274541570404e-13,2.58428011870275e-13,4.22835851595874e-13,6.75757563248761e-13,1.05486509466131e-12,1.60838429358352e-12,2.3953535297297e-12,3.48446664260778e-12,4.95096547202266e-12,6.87116501880162e-12,9.31446156081447e-12,1.23330935486671e-11,1.59504592360239e-11,2.01493598104415e-11,2.48620083378867e-11,2.99638806261362e-11,3.52733577841413e-11,4.0558552192578e-11,4.55517408214791e-11,4.99705821246401e-11,5.35439903266063e-11,5.60394614815413e-11,5.72880536969238e-11,5.72032991710299e-11,5.57911073633851e-11,5.31490835922563e-11,4.94553722097317e-11,4.49487960541414e-11,3.99033674621449e-11,3.46009422966787e-11,2.9305774247581e-11,2.42440610076541e-11,1.95904508788296e-11,1.54621680714499e-11,1.19201917812856e-11,8.97600303280021e-12,4.84860014722233e-12,1.07716339647744e-12,4.83225415582455e-14,3.00126735400771e-17,3.36628144956322e-27,5.59784455754571e-85,0
0,2.88756572179163e-87,1.73644673833597e-29,1.54818713016413e-19,4.98529436317985e-16,7.8949727116908e-13,4.88645907585991e-11,2.48439298160344e-10,4.1614898885404e-10,6.80875588493143e-10,1.08811884920102e-09,1.69853297500564e-09,2.58976441020376e-09,3.85686823319008e-09,5.61044525037376e-09,7.97163881861292e-09,1.10633200696333e-08,1.49972205389859e-08,1.98574466200594e-08,2.56816702484942e-08,3.24421996080802e-08,4.00298928775328e-08,4.82442576862098e-08,5.67928755581526e-08,6.53023921131864e-08,7.33417556072288e-08,8.04563775021519e-08,8.62097917768361e-08,9.02276517183547e-08,9.22379497864804e-08,9.21014673055196e-08,8.98277192757755e-08,8.55738572987059e-08,7.9626706345878e-08,7.23707879237697e-08,6.42472810484579e-08,5.57099933361627e-08,4.71843916565265e-08,3.90346700478281e-08,3.15420244080929e-08,2.4895193814576e-08,1.91923589203854e-08,1.44520048466852e-08,7.80659165524463e-09,1.73430977407513e-09,7.78027328873018e-11,4.83225415582474e-14,5.4199528417906e-24,9.01292835199748e-82,0
0,9.08143292984082e-84,5.46114828536421e-26,4.86898329103534e-16,7.89497271169067e-13,3.49498348481412e-11,1.1673480305415e-09,5.68257568712915e-09,9.46843721299773e-09,1.54265431681395e-08,2.45709488837627e-08,3.82527220201292e-08,5.82008002419674e-08,8.65312541090763e-08,1.25705855450342e-07,1.78420768303461e-07,2.47410387199118e-07,3.35160918977841e-07,4.43543342057952e-07,5.73394536372525e-07,7.2409564818776e-07,8.93213689275951e-07,1.07628085370697e-06,1.26678152854213e-06,1.45639697304864e-06,1.63552292932154e-06,1.79403065935024e-06,1.92219516078291e-06,2.01167556275407e-06,2.05641143907074e-06,2.05330145588273e-06,2.00255880508784e-06,1.90768684835992e-06,1.77507885761238e-06,1.61330540502504e-06,1.43219974553653e-06,1.2418765282332e-06,1.05181867260839e-06,8.70143363817973e-07,7.03117821347404e-07,5.54948473101704e-07,4.27823268619554e-07,3.22153806680681e-07,1.74018131548407e-07,3.86597088137235e-08,1.73430977407516e-09,1.07716339647749e-12,1.20816799438697e-22,2.00908234599859e-80,0
0,5.65774001330929e-82,3.40229977046821e-24,3.03338014829442e-14,4.88645907585993e-11,1.16734803054149e-09,9.80095777203745e-09,3.3995367082325e-08,5.37972339847668e-08,8.39374838487177e-08,1.28969885091255e-07,1.94918775423554e-07,2.89456646812457e-07,4.21944734633733e-07,6.03252031419193e-07,8.45266907468672e-07,1.16003331361935e-06,1.55848539630722e-06,2.04882099084123e-06,2.63464007576729e-06,3.31306550304576e-06,4.07314020168257e-06,4.89483446259964e-06,5.74897818434065e-06,6.59834450621648e-06,7.39995628862502e-06,8.10848612118344e-06,8.68041020812131e-06,9.07840149719741e-06,9.27535069098187e-06,9.25741462073613e-06,9.02561648226604e-06,8.59574196907999e-06,7.99654696567588e-06,7.26656092384617e-06,6.4499808792604e-06,5.59226401028903e-06,4.73602491795235e-06,3.91773680814143e-06,3.16555475085276e-06,2.49836778139679e-06,1.92598912097254e-06,1.45024498738461e-06,7.83330531874516e-07,1.74018131548409e-07,7.80659165524485e-09,4.84860014722266e-12,5.43828683244233e-22,9.04341624533789e-80,0
0,2.87746741016232e-81,1.73037408684301e-23,1.54274541570419e-13,2.48439298160358e-10,5.68257568712937e-09,3.39953670823262e-08,9.22789332031738e-08,1.38562555016761e-07,2.05939492632283e-07,3.0280240557234e-07,4.40104532646022e-07,6.31666390173447e-07,8.94247058227795e-07,1.24722833449696e-06,1.7117547319763e-06,2.30920123727808e-06,3.05891394672742e-06,3.97528838582901e-06,5.06440664045707e-06,6.32062327525716e-06,7.72363462072103e-06,9.23664323042345e-06,1.08062000745113e-05,1.23641487945659e-05,1.38318139239608e-05,1.51262058396834e-05,1.61676260806155e-05,1.68877307931417e-05,1.7236927468728e-05,1.71899959503977e-05,1.67490520484814e-05,1.59433753594968e-05,1.48261239097574e-05,1.34684548207816e-05,1.19519612729543e-05,1.03605466751296e-05,8.77285560450575e-06,7.25618474704358e-06,5.86246335084438e-06,4.62650220494537e-06,3.56634494091454e-06,2.68527996917995e-06,1.45024498738463e-06,3.2215380668069e-07,1.44520048466859e-08,8.97600303280095e-12,1.00676644018944e-21,1.67416840284265e-79,0
0,4.82009653032324e-81,2.89858022464368e-23,2.58428011870299e-13,4.16148988854063e-10,9.46843721299809e-09,5.37972339847685e-08,1.38562555016761e-07,2.05280709226703e-07,3.01077535256825e-07,4.37078055698163e-07,6.27719441904717e-07,8.91146273159103e-07,1.24930310149733e-06,1.7275254879242e-06,2.35342198933844e-06,3.15487582629423e-06,4.15708983442314e-06,5.37875524554273e-06,6.8276312544553e-06,8.49604653222557e-06,1.03570271265755e-05,1.23618600646745e-05,1.44398661152172e-05,1.65009480278448e-05,1.84411079464625e-05,2.01506388697895e-05,2.1524178398226e-05,2.24713791868569e-05,2.29267061094154e-05,2.28568888129999e-05,2.22648580572862e-05,2.11895280285073e-05,1.97014511909304e-05,1.7895031468684e-05,1.58785013275314e-05,1.37631488872256e-05,1.165328041887e-05,9.63814380179209e-06,7.7865960834025e-06,6.14478017585965e-06,4.73659092547775e-06,3.56634494091454e-06,1.92598912097257e-06,4.27823268619565e-07,1.91923589203863e-08,1.19201917812865e-11,1.33699253466867e-21,2.22330678400209e-79,0
0,7.88656619510289e-81,4.74261141237679e-23,4.22835851595912e-13,6.80875588493179e-10,1.54265431681401e-08,8.39374838487201e-08,2.05939492632283e-07,3.01077535256825e-07,4.35679879144668e-07,6.24143728462924e-07,8.85018107114843e-07,1.24149686898238e-06,1.72153532537409e-06,2.3573369118481e-06,3.18394236005222e-06,4.23669729170884e-06,5.54749338989106e-06,7.13987860157893e-06,9.02339762500966e-06,1.11878147190748e-05,1.35981236156055e-05,1.61913891582199e-05,1.88764236316353e-05,2.15370369758266e-05,2.40391207217058e-05,2.6241193694407e-05,2.80073676025552e-05,2.92211261789631e-05,2.97979913462299e-05,2.96951703025527e-05,2.89166625517442e-05,2.75129954854465e-05,2.55756172810042e-05,2.32268306240143e-05,2.06068256765868e-05,1.78597360161796e-05,1.51206419119021e-05,1.25051098933684e-05,1.01022848964686e-05,7.97187998950508e-06,6.14478017585964e-06,4.62650220494536e-06,2.49836778139682e-06,5.54948473101718e-07,2.48951938145771e-08,1.54621680714512e-11,1.73426767459983e-21,2.88394212101476e-79,0
0,1.26039614110064e-80,7.57943187823772e-23,6.75757563248822e-13,1.08811884920107e-09,2.45709488837635e-08,1.28969885091259e-07,3.02802405572339e-07,4.37078055698163e-07,6.24143728462923e-07,8.82187007381846e-07,1.23442486077933e-06,1.70969680386229e-06,2.34260716369659e-06,3.17290209904293e-06,4.24374504670947e-06,5.59860361189908e-06,7.27660588038192e-06,9.30647266773873e-06,1.16994658812347e-05,1.44421615244497e-05,1.74901793471014e-05,2.07641844043374e-05,2.41494307639801e-05,2.74997912670966e-05,3.06466162731118e-05,3.34119674937159e-05,3.5624924577566e-05,3.71389441881583e-05,3.78478406001958e-05,3.7697976637514e-05,3.66947359094586e-05,3.4902216485067e-05,3.24361733512262e-05,2.94513193677838e-05,2.61249506411638e-05,2.26393272753057e-05,1.91652439073919e-05,1.58488019636226e-05,1.28026719580328e-05,1.01022848964687e-05,7.78659608340255e-06,5.86246335084441e-06,3.16555475085283e-06,7.03117821347427e-07,3.15420244080945e-08,1.95904508788313e-11,2.19730412533217e-21,3.65393301883871e-79,0
0,1.96749243731164e-80,1.18315777185172e-22,1.0548650946614e-12,1.69853297500573e-09,3.82527220201303e-08,1.94918775423559e-07,4.4010453264602e-07,6.27719441904716e-07,8.85018107114841e-07,1.23442486077932e-06,1.70422762517995e-06,2.32926283920243e-06,3.15108293030401e-06,4.21722813457735e-06,5.57919055783803e-06,7.28871052981758e-06,9.39221515551279e-06,1.19235083646792e-05,1.48952298320352e-05,1.82900558926142e-05,2.20530209584763e-05,2.60865742318342e-05,3.02499428966944e-05,3.43639813902197e-05,3.82219525637877e-05,4.1605706127611e-05,4.43056703355607e-05,4.61421800976448e-05,4.6985148565199e-05,4.6769104248851e-05,4.55012033043953e-05,4.32608952255402e-05,4.01912615852562e-05,3.64833860248196e-05,3.23561750034295e-05,2.8034627760057e-05,2.37295623206001e-05,1.96212854452518e-05,1.58488019636226e-05,1.25051098933685e-05,9.63814380179214e-06,7.25618474704361e-06,3.91773680814151e-06,8.70143363818e-07,3.903467004783e-08,2.42440610076562e-11,2.71926233839078e-21,4.52190588029264e-79,0
0,2.99989444222853e-80,1.80399596803902e-22,1.60838429358366e-12,2.58976441020388e-09,5.82008002419692e-08,2.89456646812464e-07,6.31666390173444e-07,8.911462731591e-07,1.24149686898238e-06,1.70969680386229e-06,2.32926283920243e-06,3.1410028766069e-06,4.19320530157068e-06,5.54082400998749e-06,7.24316724327509e-06,9.35964782386975e-06,1.19433431463301e-05,1.50324627136395e-05,1.86403068857891e-05,2.27448512545084e-05,2.72795888068552e-05,3.21275621379169e-05,3.71204837165111e-05,4.20443875818848e-05,4.66523840137802e-05,5.06839122895448e-05,5.38886189372832e-05,5.60519031572471e-05,5.70185351933881e-05,5.67107571238954e-05,5.51379719340174e-05,5.23964076961505e-05,4.86587589479941e-05,4.41554239802133e-05,3.91502422600068e-05,3.39143412639127e-05,2.87017183965657e-05,2.37295623206001e-05,1.91652439073918e-05,1.51206419119022e-05,1.165328041887e-05,8.77285560450578e-06,4.73602491795244e-06,1.05181867260842e-06,4.71843916565287e-08,2.93057742475835e-11,3.28699421205131e-21,5.46599651167103e-79,0
0,4.46771817607388e-80,2.68667639184819e-22,2.39535352972991e-12,3.85686823319026e-09,8.65312541090789e-08,4.21944734633742e-07,8.94247058227791e-07,1.24930310149732e-06,1.72153532537409e-06,2.34260716369659e-06,3.15108293030401e-06,4.19320530157068e-06,5.52309937220985e-06,7.20190758371388e-06,9.29528411870927e-06,1.18687155291456e-05,1.49803379283251e-05,1.8671315076137e-05,2.29544043473116e-05,2.78019875971653e-05,3.31354431382804e-05,3.88181109216803e-05,4.46540900655807e-05,5.0394598968466e-05,5.57526214525944e-05,6.04251863175567e-05,6.41211321658702e-05,6.65909176570397e-05,6.76542687073077e-05,6.7221436965816e-05,6.53046454869021e-05,6.20177939275437e-05,5.75643934927476e-05,5.22156084851682e-05,4.62818030054227e-05,4.00818315877563e-05,3.39143412639127e-05,2.80346277600569e-05,2.26393272753056e-05,1.78597360161797e-05,1.37631488872256e-05,1.03605466751296e-05,5.59226401028913e-06,1.24187652823323e-06,5.57099933361653e-08,3.46009422966816e-11,3.88091084370511e-21,6.45363020598693e-79,0
0,6.49908865749519e-80,3.90824742664613e-22,3.48446664260807e-12,5.61044525037402e-09,1.25705855450346e-07,6.03252031419204e-07,1.24722833449696e-06,1.72752548792419e-06,2.3573369118481e-06,3.17290209904292e-06,4.21722813457735e-06,5.54082400998748e-06,7.20190758371387e-06,9.26554927354051e-06,1.18011070996127e-05,1.48773222944288e-05,1.85546479305343e-05,2.28748103764889e-05,2.78482362629594e-05,3.34407269369446e-05,3.95614701537855e-05,4.60549435997647e-05,5.26992899001848e-05,5.92131964079085e-05,6.52721848291535e-05,7.0533647606619e-05,7.46682450920973e-05,7.73937736457695e-05,7.85067024011803e-05,7.79065252815102e-05,7.56089692643796e-05,7.17458023365331e-05,6.65511598907718e-05,6.03365040940801e-05,5.34580913102724e-05,4.62818030054227e-05,3.91502422600067e-05,3.23561750034294e-05,2.61249506411637e-05,2.06068256765869e-05,1.58785013275314e-05,1.19519612729543e-05,6.44998087926051e-06,1.43219974553657e-06,6.42472810484609e-08,3.99033674621482e-11,4.47564144803342e-21,7.44261746879499e-79,0
0,9.2343439749917e-80,5.55310182380798e-22,4.95096547202307e-12,7.97163881861329e-09,1.78420768303466e-07,8.45266907468687e-07,1.71175473197629e-06,2.35342198933843e-06,3.18394236005221e-06,4.24374504670945e-06,5.57919055783802e-06,7.24316724327507e-06,9.29528411870926e-06,1.18011070996127e-05,1.48297309707746e-05,1.84489540495043e-05,2.27175066425899e-05,2.76742274038288e-05,3.3324771837268e-05,3.96272807439482e-05,4.64792574702848e-05,5.37084709948477e-05,6.10707869519444e-05,6.82572708413144e-05,7.49116834380276e-05,8.06577487226354e-05,8.51336364921943e-05,8.80293875278045e-05,8.91219445331815e-05,8.83023499172915e-05,8.55906363459918e-05,8.11358206093072e-05,7.52008426347215e-05,6.81347605717546e-05,6.033650409408e-05,5.22156084851681e-05,4.41554239802132e-05,3.64833860248195e-05,2.94513193677837e-05,2.32268306240144e-05,1.78950314686841e-05,1.34684548207816e-05,7.26656092384629e-06,1.61330540502508e-06,7.2370787923773e-08,4.49487960541451e-11,5.04154680302866e-21,8.38367075236903e-79,0
0,1.28158238343411e-79,7.70683601356155e-22,6.87116501880219e-12,1.10633200696338e-08,2.47410387199124e-07,1.16003331361937e-06,2.30920123727807e-06,3.15487582629421e-06,4.23669729170882e-06,5.59860361189906e-06,7.28871052981756e-06,9.35964782386972e-06,1.18687155291455e-05,1.48773222944288e-05,1.84489540495043e-05,2.26448352175952e-05,2.75165851510751e-05,3.30956066133796e-05,3.93796708828571e-05,4.63180915081028e-05,5.37978151511486e-05,6.16334449417682e-05,6.95643842281705e-05,7.72617547605362e-05,8.4346461121562e-05,9.04178961848118e-05,9.50906534721361e-05,9.8034698037755e-05,9.90132248933715e-05,9.79122598193653e-05,9.47570598035505e-05,8.97123980113764e-05,8.3066466761529e-05,7.52008426347214e-05,6.65511598907716e-05,5.75643934927474e-05,4.86587589479938e-05,4.0191261585256e-05,3.24361733512259e-05,2.55756172810042e-05,1.97014511909304e-05,1.48261239097574e-05,7.99654696567599e-06,1.77507885761243e-06,7.96267063458814e-08,4.94553722097357e-11,5.54701339176767e-21,9.22421942163177e-79,0
0,1.73729634143041e-79,1.0447286248183e-21,9.31446156081527e-12,1.49972205389866e-08,3.35160918977851e-07,1.55848539630726e-06,3.05891394672741e-06,4.15708983442313e-06,5.54749338989106e-06,7.27660588038192e-06,9.39221515551281e-06,1.19433431463301e-05,1.49803379283251e-05,1.85546479305344e-05,2.271750664259e-05,2.75165851510752e-05,3.2989736504855e-05,3.91553502563015e-05,4.59995748244066e-05,5.34616611358718e-05,6.14197321159343e-05,6.96801047300267e-05,7.79735835381484e-05,8.59616793555614e-05,9.32544164058701e-05,9.94394243966867e-05,0.00010411972887473,0.000106955557932519,0.000107704099993149,0.000106250876464233,0.000102627390075708,9.7011826582659e-05,8.97123980113765e-05,8.11358206093071e-05,7.1745802336533e-05,6.20177939275436e-05,5.23964076961503e-05,4.32608952255399e-05,3.49022164850667e-05,2.75129954854465e-05,2.11895280285073e-05,1.59433753594968e-05,8.59574196908012e-06,1.90768684835997e-06,8.55738572987097e-08,5.31490835922607e-11,5.96130744291115e-21,9.91315578484592e-79,0
0,2.30031957963105e-79,1.3833044217959e-21,1.23330935486681e-11,1.98574466200603e-08,4.43543342057966e-07,2.04882099084127e-06,3.97528838582899e-06,5.37875524554272e-06,7.13987860157893e-06,9.30647266773873e-06,1.19235083646792e-05,1.50324627136395e-05,1.8671315076137e-05,2.28748103764889e-05,2.76742274038288e-05,3.30956066133797e-05,3.91553502563015e-05,4.58524259887427e-05,5.31571244789154e-05,6.09973656334195e-05,6.92447107103235e-05,7.77032115851597e-05,8.6104676792911e-05,9.4113588934929e-05,0.000101343669925523,0.000107386092380475,0.000111846945293658,0.000114389312299047,0.000114773776788801,0.000112890772852573,0.000108779141344965,0.000102627390075708,9.47570598035506e-05,8.55906363459917e-05,7.56089692643794e-05,6.53046454869019e-05,5.51379719340172e-05,4.55012033043951e-05,3.66947359094583e-05,2.89166625517443e-05,2.22648580572862e-05,1.67490520484814e-05,9.02561648226617e-06,2.0025588050879e-06,8.98277192757794e-08,5.57911073633896e-11,6.25764210958457e-21,1.0405935555612e-78,0
0,2.97501624729488e-79,1.78903538718641e-21,1.59504592360252e-11,2.56816702484954e-08,5.73394536372541e-07,2.63464007576734e-06,5.06440664045705e-06,6.82763125445528e-06,9.02339762500964e-06,1.16994658812347e-05,1.48952298320352e-05,1.86403068857891e-05,2.29544043473116e-05,2.78482362629594e-05,3.33247718372681e-05,3.93796708828572e-05,4.59995748244066e-05,5.31571244789154e-05,6.08022401052863e-05,6.88502681834062e-05,7.71688681253839e-05,8.55666543331377e-05,9.37872518129386e-05,0.000101512255337065,0.000108375463009043,0.000113988792421009,0.000117977845223392,0.000120022713936407,0.000119897922849131,0.000117504846110208,0.000112890772852573,0.000106250876464233,9.79122598193653e-05,8.83023499172913e-05,7.790652528151e-05,6.72214369658158e-05,5.67107571238951e-05,4.67691042488507e-05,3.76979766375137e-05,2.96951703025527e-05,2.28568888129999e-05,1.71899959503976e-05,9.25741462073627e-06,2.05330145588278e-06,9.21014673055236e-08,5.72032991710345e-11,6.41603636520654e-21,1.06693319575661e-78,0
0,3.75817849029754e-79,2.2599924678121e-21,2.01493598104431e-11,3.24421996080816e-08,7.2409564818778e-07,3.31306550304582e-06,6.32062327525713e-06,8.49604653222554e-06,1.11878147190747e-05,1.44421615244497e-05,1.82900558926142e-05,2.27448512545084e-05,2.78019875971653e-05,3.34407269369446e-05,3.96272807439483e-05,4.63180915081028e-05,5.34616611358717e-05,6.09973656334195e-05,6.88502681834062e-05,7.69220112981743e-05,8.50792362038857e-05,9.31423028643142e-05,0.000100877959090359,0.000107999673103537,0.00011417841302085,0.000119064799895998,0.00012232112543425,0.000123659267637881,0.000122878682965873,0.000119897922849131,0.000114773776788801,0.000107704099993149,9.90132248933715e-05,8.91219445331812e-05,7.850670240118e-05,6.76542687073074e-05,5.70185351933878e-05,4.69851485651987e-05,3.78478406001956e-05,2.97979913462299e-05,2.29267061094154e-05,1.72369274687279e-05,9.27535069098201e-06,2.05641143907079e-06,9.22379497864844e-08,5.72880536969284e-11,6.42554260219999e-21,1.06851400347614e-78,0
0,4.63716295918069e-79,2.78857254566845e-21,2.48620083378888e-11,4.00298928775347e-08,8.93213689275975e-07,4.07314020168264e-06,7.72363462072099e-06,1.03570271265755e-05,1.35981236156055e-05,1.74901793471013e-05,2.20530209584763e-05,2.72795888068552e-05,3.31354431382803e-05,3.95614701537855e-05,4.64792574702848e-05,5.37978151511486e-05,6.14197321159343e-05,6.92447107103235e-05,7.71688681253839e-05,8.50792362038857e-05,9.28443483403899e-05,0.00010030332231759,0.000107256989270996,0.000113464972672259,0.000118651944913331,0.000122524606887869,0.000124798566448734,0.000125231785712061,0.000123659267637881,0.000120022713936407,0.000114389312299047,0.000106955557932519,9.80346980377549e-05,8.80293875278043e-05,7.73937736457693e-05,6.65909176570394e-05,5.60519031572468e-05,4.61421800976445e-05,3.7138944188158e-05,2.92211261789631e-05,2.24713791868569e-05,1.68877307931417e-05,9.07840149719753e-06,2.01167556275412e-06,9.02276517183586e-08,5.60394614815458e-11,6.28549800377382e-21,1.04522575783004e-78,0
0,5.58874389663801e-79,3.36080873847286e-21,2.99638806261387e-11,4.8244257686212e-08,1.076280853707e-06,4.89483446259972e-06,9.23664323042339e-06,1.23618600646744e-05,1.61913891582198e-05,2.07641844043373e-05,2.60865742318341e-05,3.21275621379169e-05,3.88181109216803e-05,4.60549435997647e-05,5.37084709948477e-05,6.16334449417682e-05,6.96801047300266e-05,7.77032115851596e-05,8.55666543331377e-05,9.31423028643142e-05,0.00010030332231759,0.000106913883032552,0.000112818635788498,0.000117836008358578,0.000121759015600196,0.000124365829737019,0.000125440109055273,0.000124798566448734,0.00012232112543425,0.000117977845223392,0.000111846945293658,0.00010411972887473,9.50906534721361e-05,8.51336364921941e-05,7.4668245092097e-05,6.412113216587e-05,5.38886189372829e-05,4.43056703355605e-05,3.56249245775658e-05,2.80073676025552e-05,2.1524178398226e-05,1.61676260806155e-05,8.68041020812143e-06,1.92219516078296e-06,8.62097917768398e-08,5.35439903266106e-11,6.00560097139049e-21,9.98681221882117e-79,0
0,6.57904646910984e-79,3.95633030840871e-21,3.52733577841442e-11,5.67928755581551e-08,1.26678152854216e-06,5.74897818434074e-06,1.08062000745112e-05,1.44398661152171e-05,1.88764236316352e-05,2.414943076398e-05,3.02499428966944e-05,3.71204837165111e-05,4.46540900655806e-05,5.26992899001848e-05,6.10707869519444e-05,6.95643842281705e-05,7.79735835381483e-05,8.6104676792911e-05,9.37872518129385e-05,0.000100877959090359,0.000107256989270996,0.000112818635788498,0.000117459060712965,0.000121065432894808,0.000123510600379263,0.000124656300340789,0.000124365829737019,0.000122524606887869,0.000119064799895998,0.000113988792421009,0.000107386092380475,9.94394243966866e-05,9.04178961848118e-05,8.06577487226352e-05,7.05336476066187e-05,6.04251863175564e-05,5.06839122895445e-05,4.16057061276107e-05,3.34119674937157e-05,2.6241193694407e-05,2.01506388697895e-05,1.51262058396834e-05,8.10848612118356e-06,1.79403065935028e-06,8.04563775021554e-08,4.99705821246441e-11,5.60480036537474e-21,9.32031432651405e-79,0
0,7.56481991967376e-79,4.54912827662528e-21,4.05585521925812e-11,6.53023921131893e-08,1.45639697304868e-06,6.59834450621658e-06,1.23641487945658e-05,1.65009480278447e-05,2.15370369758265e-05,2.74997912670965e-05,3.43639813902196e-05,4.20443875818847e-05,5.03945989684659e-05,5.92131964079085e-05,6.82572708413144e-05,7.72617547605362e-05,8.59616793555613e-05,9.41135889349289e-05,0.000101512255337065,0.000107999673103537,0.000113464972672259,0.000117836008358578,0.000121065432894808,0.000123115500183069,0.000123946213669934,0.000123510600379263,0.000121759015600196,0.000118651944913331,0.00011417841302085,0.000108375463009043,0.000101343669925523,9.325441640587e-05,8.4346461121562e-05,7.49116834380274e-05,6.52721848291533e-05,5.57526214525941e-05,4.66523840137799e-05,3.82219525637875e-05,3.06466162731115e-05,2.40391207217058e-05,1.84411079464625e-05,1.38318139239608e-05,7.39995628862513e-06,1.63552292932158e-06,7.3341755607232e-08,4.55517408214828e-11,5.1091742929908e-21,8.49612961307253e-79,0
0,8.49612961307253e-79,5.1091742929908e-21,4.55517408214828e-11,7.3341755607232e-08,1.63552292932158e-06,7.39995628862513e-06,1.38318139239608e-05,1.84411079464624e-05,2.40391207217057e-05,3.06466162731117e-05,3.82219525637876e-05,4.66523840137801e-05,5.57526214525943e-05,6.52721848291535e-05,7.49116834380276e-05,8.4346461121562e-05,9.325441640587e-05,0.000101343669925523,0.000108375463009043,0.00011417841302085,0.000118651944913331,0.000121759015600196,0.000123510600379263,0.000123946213669934,0.000123115500183069,0.000121065432894808,0.000117836008358578,0.000113464972672259,0.000107999673103537,0.000101512255337065,9.41135889349289e-05,8.59616793555613e-05,7.72617547605362e-05,6.82572708413143e-05,5.92131964079083e-05,5.03945989684658e-05,4.20443875818846e-05,3.43639813902195e-05,2.74997912670964e-05,2.15370369758266e-05,1.65009480278448e-05,1.23641487945659e-05,6.59834450621658e-06,1.45639697304868e-06,6.53023921131893e-08,4.05585521925812e-11,4.54912827662528e-21,7.56481991967376e-79,0
0,9.32031432651405e-79,5.60480036537474e-21,4.99705821246441e-11,8.04563775021554e-08,1.79403065935028e-06,8.10848612118356e-06,1.51262058396833e-05,2.01506388697894e-05,2.62411936944068e-05,3.34119674937158e-05,4.16057061276109e-05,5.06839122895447e-05,6.04251863175566e-05,7.05336476066189e-05,8.06577487226353e-05,9.04178961848118e-05,9.94394243966866e-05,0.000107386092380475,0.000113988792421009,0.000119064799895998,0.000122524606887869,0.000124365829737019,0.000124656300340789,0.000123510600379263,0.000121065432894808,0.000117459060712965,0.000112818635788498,0.000107256989270996,0.000100877959090359,9.37872518129385e-05,8.6104676792911e-05,7.79735835381483e-05,6.95643842281705e-05,6.10707869519443e-05,5.26992899001847e-05,4.46540900655805e-05,3.71204837165109e-05,3.02499428966943e-05,2.41494307639799e-05,1.88764236316353e-05,1.44398661152172e-05,1.08062000745112e-05,5.74897818434074e-06,1.26678152854216e-06,5.67928755581551e-08,3.52733577841442e-11,3.95633030840871e-21,6.57904646910984e-79,0
0,9.98681221882117e-79,6.00560097139049e-21,5.35439903266106e-11,8.62097917768398e-08,1.92219516078296e-06,8.68041020812143e-06,1.61676260806154e-05,2.15241783982258e-05,2.80073676025551e-05,3.56249245775659e-05,4.43056703355606e-05,5.38886189372831e-05,6.41211321658701e-05,7.46682450920972e-05,8.51336364921942e-05,9.50906534721361e-05,0.00010411972887473,0.000111846945293658,0.000117977845223392,0.00012232112543425,0.000124798566448734,0.000125440109055273,0.000124365829737019,0.000121759015600196,0.000117836008358578,0.000112818635788498,0.000106913883032552,0.00010030332231759,9.31423028643142e-05,8.55666543331377e-05,7.77032115851596e-05,6.96801047300266e-05,6.16334449417682e-05,5.37084709948476e-05,4.60549435997646e-05,3.88181109216802e-05,3.21275621379168e-05,2.60865742318341e-05,2.07641844043372e-05,1.61913891582199e-05,1.23618600646745e-05,9.23664323042344e-06,4.89483446259972e-06,1.076280853707e-06,4.8244257686212e-08,2.99638806261387e-11,3.36080873847286e-21,5.58874389663801e-79,0
0,1.04522575783004e-78,6.28549800377382e-21,5.60394614815458e-11,9.02276517183586e-08,2.01167556275412e-06,9.07840149719753e-06,1.68877307931416e-05,2.24713791868568e-05,2.9221126178963e-05,3.71389441881582e-05,4.61421800976447e-05,5.60519031572469e-05,6.65909176570396e-05,7.73937736457695e-05,8.80293875278045e-05,9.80346980377549e-05,0.000106955557932519,0.000114389312299047,0.000120022713936407,0.000123659267637881,0.000125231785712061,0.000124798566448734,0.000122524606887869,0.000118651944913331,0.000113464972672259,0.000107256989270996,0.00010030332231759,9.28443483403899e-05,8.50792362038857e-05,7.71688681253839e-05,6.92447107103235e-05,6.14197321159343e-05,5.37978151511486e-05,4.64792574702847e-05,3.95614701537854e-05,3.31354431382802e-05,2.72795888068551e-05,2.20530209584762e-05,1.74901793471012e-05,1.35981236156056e-05,1.03570271265756e-05,7.72363462072103e-06,4.07314020168264e-06,8.93213689275975e-07,4.00298928775347e-08,2.48620083378888e-11,2.78857254566845e-21,4.63716295918069e-79,0
0,1.06851400347614e-78,6.42554260219999e-21,5.72880536969284e-11,9.22379497864844e-08,2.05641143907079e-06,9.27535069098201e-06,1.72369274687279e-05,2.29267061094153e-05,2.97979913462298e-05,3.78478406001957e-05,4.69851485651989e-05,5.7018535193388e-05,6.76542687073076e-05,7.85067024011802e-05,8.91219445331814e-05,9.90132248933715e-05,0.000107704099993149,0.000114773776788801,0.000119897922849131,0.000122878682965873,0.000123659267637881,0.00012232112543425,0.000119064799895998,0.00011417841302085,0.000107999673103537,0.000100877959090359,9.31423028643142e-05,8.50792362038857e-05,7.69220112981743e-05,6.88502681834062e-05,6.09973656334195e-05,5.34616611358717e-05,4.63180915081028e-05,3.96272807439482e-05,3.34407269369445e-05,2.78019875971652e-05,2.27448512545083e-05,1.82900558926141e-05,1.44421615244497e-05,1.11878147190748e-05,8.49604653222558e-06,6.32062327525716e-06,3.31306550304582e-06,7.2409564818778e-07,3.24421996080816e-08,2.01493598104431e-11,2.2599924678121e-21,3.75817849029754e-79,0
0,1.06693319575661e-78,6.41603636520654e-21,5.72032991710345e-11,9.21014673055236e-08,2.05330145588278e-06,9.25741462073627e-06,1.71899959503975e-05,2.28568888129998e-05,2.96951703025526e-05,3.76979766375138e-05,4.67691042488509e-05,5.67107571238953e-05,6.72214369658159e-05,7.79065252815102e-05,8.83023499172915e-05,9.79122598193653e-05,0.000106250876464233,0.000112890772852573,0.000117504846110208,0.000119897922849131,0.000120022713936407,0.000117977845223392,0.000113988792421009,0.000108375463009043,0.000101512255337065,9.37872518129386e-05,8.55666543331377e-05,7.71688681253839e-05,6.88502681834062e-05,6.08022401052863e-05,5.31571244789154e-05,4.59995748244066e-05,3.93796708828572e-05,3.3324771837268e-05,2.78482362629594e-05,2.29544043473115e-05,1.86403068857891e-05,1.48952298320351e-05,1.16994658812347e-05,9.02339762500968e-06,6.82763125445531e-06,5.06440664045707e-06,2.63464007576734e-06,5.73394536372541e-07,2.56816702484954e-08,1.59504592360252e-11,1.78903538718641e-21,2.97501624729488e-79,0
0,1.0405935555612e-78,6.25764210958457e-21,5.57911073633896e-11,8.98277192757794e-08,2.0025588050879e-06,9.02561648226617e-06,1.67490520484813e-05,2.22648580572861e-05,2.89166625517441e-05,3.66947359094585e-05,4.55012033043952e-05,5.51379719340173e-05,6.53046454869021e-05,7.56089692643796e-05,8.55906363459918e-05,9.47570598035506e-05,0.000102627390075708,0.000108779141344965,0.000112890772852573,0.000114773776788801,0.000114389312299047,0.000111846945293658,0.000107386092380475,0.000101343669925523,9.4113588934929e-05,8.6104676792911e-05,7.77032115851597e-05,6.92447107103235e-05,6.09973656334195e-05,5.31571244789154e-05,4.58524259887427e-05,3.91553502563015e-05,3.30956066133797e-05,2.76742274038288e-05,2.28748103764888e-05,1.86713150761369e-05,1.50324627136394e-05,1.19235083646791e-05,9.30647266773869e-06,7.13987860157896e-06,5.37875524554275e-06,3.97528838582902e-06,2.04882099084127e-06,4.43543342057966e-07,1.98574466200603e-08,1.23330935486681e-11,1.3833044217959e-21,2.30031957963105e-79,0
0,9.91315578484592e-79,5.96130744291115e-21,5.31490835922607e-11,8.55738572987097e-08,1.90768684835997e-06,8.59574196908012e-06,1.59433753594968e-05,2.11895280285072e-05,2.75129954854464e-05,3.49022164850669e-05,4.32608952255401e-05,5.23964076961505e-05,6.20177939275437e-05,7.17458023365331e-05,8.11358206093073e-05,8.97123980113765e-05,9.7011826582659e-05,0.000102627390075708,0.000106250876464233,0.000107704099993149,0.000106955557932519,0.00010411972887473,9.94394243966867e-05,9.32544164058701e-05,8.59616793555614e-05,7.79735835381484e-05,6.96801047300267e-05,6.14197321159343e-05,5.34616611358718e-05,4.59995748244066e-05,3.91553502563015e-05,3.2989736504855e-05,2.75165851510752e-05,2.27175066425899e-05,1.85546479305343e-05,1.49803379283251e-05,1.19433431463301e-05,9.39221515551277e-06,7.27660588038189e-06,5.54749338989109e-06,4.15708983442315e-06,3.05891394672743e-06,1.55848539630726e-06,3.35160918977851e-07,1.49972205389866e-08,9.31446156081527e-12,1.0447286248183e-21,1.73729634143041e-79,0
0,9.22421942163177e-79,5.54701339176767e-21,4.94553722097357e-11,7.96267063458814e-08,1.77507885761243e-06,7.99654696567599e-06,1.48261239097573e-05,1.97014511909303e-05,2.55756172810041e-05,3.24361733512261e-05,4.01912615852561e-05,4.8658758947994e-05,5.75643934927476e-05,6.65511598907717e-05,7.52008426347215e-05,8.3066466761529e-05,8.97123980113764e-05,9.47570598035505e-05,9.79122598193653e-05,9.90132248933715e-05,9.8034698037755e-05,9.50906534721361e-05,9.04178961848118e-05,8.4346461121562e-05,7.72617547605362e-05,6.95643842281705e-05,6.16334449417682e-05,5.37978151511486e-05,4.63180915081028e-05,3.93796708828571e-05,3.30956066133796e-05,2.75165851510751e-05,2.26448352175952e-05,1.84489540495042e-05,1.48773222944287e-05,1.18687155291455e-05,9.35964782386969e-06,7.28871052981753e-06,5.59860361189903e-06,4.23669729170885e-06,3.15487582629423e-06,2.30920123727808e-06,1.16003331361937e-06,2.47410387199124e-07,1.10633200696338e-08,6.87116501880219e-12,7.70683601356155e-22,1.28158238343411e-79,0
0,8.38367075236903e-79,5.04154680302866e-21,4.49487960541451e-11,7.2370787923773e-08,1.61330540502508e-06,7.26656092384629e-06,1.34684548207815e-05,1.7895031468684e-05,2.32268306240143e-05,2.94513193677838e-05,3.64833860248196e-05,4.41554239802133e-05,5.22156084851682e-05,6.03365040940802e-05,6.81347605717548e-05,7.52008426347215e-05,8.11358206093072e-05,8.55906363459918e-05,8.83023499172915e-05,8.91219445331815e-05,8.80293875278045e-05,8.51336364921943e-05,8.06577487226354e-05,7.49116834380276e-05,6.82572708413144e-05,6.10707869519444e-05,5.37084709948477e-05,4.64792574702848e-05,3.96272807439482e-05,3.3324771837268e-05,2.76742274038288e-05,2.27175066425899e-05,1.84489540495043e-05,1.48297309707746e-05,1.18011070996127e-05,9.29528411870922e-06,7.24316724327504e-06,5.579190557838e-06,4.24374504670943e-06,3.18394236005223e-06,2.35342198933844e-06,1.7117547319763e-06,8.45266907468687e-07,1.78420768303466e-07,7.97163881861329e-09,4.95096547202307e-12,5.55310182380798e-22,9.2343439749917e-80,0
0,7.44261746879499e-79,4.47564144803342e-21,3.99033674621482e-11,6.42472810484609e-08,1.43219974553657e-06,6.44998087926051e-06,1.19519612729542e-05,1.58785013275314e-05,2.06068256765868e-05,2.61249506411638e-05,3.23561750034295e-05,3.91502422600068e-05,4.62818030054228e-05,5.34580913102726e-05,6.03365040940802e-05,6.65511598907718e-05,7.17458023365331e-05,7.56089692643796e-05,7.79065252815102e-05,7.85067024011803e-05,7.73937736457695e-05,7.46682450920973e-05,7.0533647606619e-05,6.52721848291535e-05,5.92131964079085e-05,5.26992899001848e-05,4.60549435997647e-05,3.95614701537855e-05,3.34407269369446e-05,2.78482362629594e-05,2.28748103764889e-05,1.85546479305343e-05,1.48773222944288e-05,1.18011070996127e-05,9.26554927354047e-06,7.20190758371385e-06,5.54082400998746e-06,4.21722813457733e-06,3.17290209904291e-06,2.35733691184811e-06,1.7275254879242e-06,1.24722833449696e-06,6.03252031419204e-07,1.25705855450346e-07,5.61044525037402e-09,3.48446664260807e-12,3.90824742664613e-22,6.49908865749519e-80,0
0,6.45363020598693e-79,3.88091084370511e-21,3.46009422966816e-11,5.57099933361653e-08,1.24187652823323e-06,5.59226401028913e-06,1.03605466751296e-05,1.37631488872256e-05,1.78597360161796e-05,2.26393272753057e-05,2.8034627760057e-05,3.39143412639128e-05,4.00818315877564e-05,4.62818030054228e-05,5.22156084851683e-05,5.75643934927476e-05,6.20177939275437e-05,6.53046454869021e-05,6.7221436965816e-05,6.76542687073077e-05,6.65909176570397e-05,6.41211321658702e-05,6.04251863175567e-05,5.57526214525944e-05,5.0394598968466e-05,4.46540900655807e-05,3.88181109216803e-05,3.31354431382804e-05,2.78019875971653e-05,2.29544043473116e-05,1.8671315076137e-05,1.49803379283251e-05,1.18687155291456e-05,9.29528411870924e-06,7.20190758371385e-06,5.52309937220983e-06,4.19320530157066e-06,3.151082930304e-06,2.34260716369658e-06,1.72153532537409e-06,1.24930310149733e-06,8.94247058227796e-07,4.21944734633742e-07,8.65312541090789e-08,3.85686823319026e-09,2.39535352972991e-12,2.68667639184819e-22,4.46771817607388e-80,0
0,5.46599651167103e-79,3.28699421205131e-21,2.93057742475835e-11,4.71843916565287e-08,1.05181867260842e-06,4.73602491795244e-06,8.77285560450573e-06,1.16532804188699e-05,1.51206419119021e-05,1.91652439073919e-05,2.37295623206002e-05,2.87017183965658e-05,3.39143412639128e-05,3.91502422600069e-05,4.41554239802134e-05,4.86587589479941e-05,5.23964076961505e-05,5.51379719340174e-05,5.67107571238954e-05,5.70185351933881e-05,5.60519031572471e-05,5.38886189372832e-05,5.06839122895448e-05,4.66523840137802e-05,4.20443875818848e-05,3.71204837165111e-05,3.21275621379169e-05,2.72795888068552e-05,2.27448512545084e-05,1.86403068857891e-05,1.50324627136395e-05,1.19433431463301e-05,9.35964782386975e-06,7.24316724327506e-06,5.54082400998746e-06,4.19320530157066e-06,3.14100287660688e-06,2.32926283920241e-06,1.70969680386228e-06,1.24149686898238e-06,8.91146273159105e-07,6.31666390173448e-07,2.89456646812464e-07,5.82008002419692e-08,2.58976441020388e-09,1.60838429358366e-12,1.80399596803902e-22,2.99989444222853e-80,0
0,4.52190588029264e-79,2.71926233839078e-21,2.42440610076562e-11,3.903467004783e-08,8.70143363818e-07,3.91773680814151e-06,7.25618474704357e-06,9.63814380179209e-06,1.25051098933685e-05,1.58488019636226e-05,1.96212854452519e-05,2.37295623206002e-05,2.80346277600571e-05,3.23561750034296e-05,3.64833860248197e-05,4.01912615852562e-05,4.32608952255402e-05,4.55012033043953e-05,4.6769104248851e-05,4.6985148565199e-05,4.61421800976448e-05,4.43056703355607e-05,4.1605706127611e-05,3.82219525637877e-05,3.43639813902197e-05,3.02499428966944e-05,2.60865742318342e-05,2.20530209584763e-05,1.82900558926142e-05,1.48952298320352e-05,1.19235083646792e-05,9.39221515551279e-06,7.28871052981758e-06,5.57919055783801e-06,4.21722813457733e-06,3.151082930304e-06,2.32926283920241e-06,1.70422762517994e-06,1.23442486077932e-06,8.85018107114846e-07,6.2771944190472e-07,4.40104532646023e-07,1.94918775423559e-07,3.82527220201303e-08,1.69853297500573e-09,1.0548650946614e-12,1.18315777185172e-22,1.96749243731164e-80,0
0,3.65393301883871e-79,2.19730412533217e-21,1.95904508788313e-11,3.15420244080945e-08,7.03117821347427e-07,3.16555475085283e-06,5.86246335084438e-06,7.78659608340251e-06,1.01022848964687e-05,1.28026719580328e-05,1.58488019636226e-05,1.91652439073919e-05,2.26393272753058e-05,2.61249506411639e-05,2.94513193677839e-05,3.24361733512262e-05,3.4902216485067e-05,3.66947359094586e-05,3.7697976637514e-05,3.78478406001958e-05,3.71389441881583e-05,3.5624924577566e-05,3.34119674937159e-05,3.06466162731118e-05,2.74997912670966e-05,2.41494307639801e-05,2.07641844043374e-05,1.74901793471014e-05,1.44421615244497e-05,1.16994658812347e-05,9.30647266773873e-06,7.27660588038192e-06,5.59860361189908e-06,4.24374504670945e-06,3.17290209904292e-06,2.34260716369658e-06,1.70969680386228e-06,1.23442486077932e-06,8.82187007381841e-07,6.24143728462927e-07,4.37078055698165e-07,3.02802405572341e-07,1.28969885091259e-07,2.45709488837635e-08,1.08811884920107e-09,6.75757563248822e-13,7.57943187823772e-23,1.26039614110064e-80,0
