0,0,0,0,0,0,0,0,0,0,0,0,0,0,0,0,0,0,0,0,0,0,0,0,0,0,0,0,0,0,0,0,0,0,0,0,0,0,0,0,0,0,0,0,0,0,0,0,0,0
0,3.64790017449808e-111,1.9083647230074e-72,1.18689251773416e-62,1.14567406909671e-57,1.61892662877934e-55,7.49163731802517e-55,1.35913682807765e-54,2.3822192513739e-54,4.03396747715266e-54,6.59956283371327e-54,1.04310987466751e-53,1.59285798985376e-53,2.34993674868093e-53,3.34940296480742e-53,4.61222771215996e-53,6.13601191526246e-53,7.88667166110901e-53,9.79339879846326e-53,1.17491170911914e-52,1.36178685285231e-52,1.52491330956515e-52,1.64973157198189e-52,1.72430278487008e-52,1.74118888552418e-52,1.69867523728471e-52,1.6010575329588e-52,1.45792651227558e-52,1.28261537585807e-52,1.09015779134531e-52,8.95188299362622e-53,7.10185079787137e-53,5.44328161715199e-53,4.03071578900547e-53,2.88360428486044e-53,1.99306407338961e-53,1.33088022502454e-53,8.58595872584902e-54,5.35144090093332e-54,3.22243958400173e-54,1.87469640562689e-54,1.05368117877065e-54,5.72162791148421e-55,3.0016642518859e-55,5.28809393061338e-56,1.823315332122e-58,3.85419569519819e-64,2.56278601827633e-81,4.17994966671381e-179,0
0,1.08486603484783e-66,5.67535045313006e-28,1.92285571568358e-21,2.31873020808933e-19,3.9525088408645e-18,1.43483397601339e-17,2.48880787982167e-17,4.20822596934523e-17,6.92551510726011e-17,1.10778380845311e-16,1.72027145448716e-16,2.59089782077269e-16,3.78149573008795e-16,5.34506111563077e-16,7.31290705621353e-16,9.68044811023404e-16,1.23944415094475e-15,1.53452304638218e-15,1.83674198663831e-15,2.12512173570783e-15,2.376447159427e-15,2.56827059512559e-15,2.68219550398047e-15,2.70678028903222e-15,2.63942856099916e-15,2.4868341405398e-15,2.26387631220904e-15,1.9912190409045e-15,1.69215173326161e-15,1.38933974900595e-15,1.1021041482807e-15,8.44654016231139e-16,6.2542438770374e-16,4.47413161943631e-16,3.0922836718199e-16,2.06483561784361e-16,1.33206807970716e-16,8.30235932507631e-17,4.99931292235706e-17,2.90838866940459e-17,1.6346606677911e-17,8.8763744100706e-18,4.65667873874273e-18,8.20368387032778e-19,2.82858901540096e-21,5.97918252245339e-27,3.97582786695208e-44,1.2560860544312e-87,0
0,3.94049246367803e-59,2.06142279054985e-20,6.98363682475253e-14,7.80885466101033e-12,5.68854139712522e-11,1.20046960229166e-10,1.76278879100804e-10,2.53023377254654e-10,3.55608148066445e-10,4.90122705251004e-10,6.63279870934449e-10,8.82040151036315e-10,1.15287181267993e-09,1.48055297256068e-09,1.86652408999221e-09,2.30696700602395e-09,2.79098386092324e-09,3.29940787262548e-09,3.80481694950759e-09,4.2731788168654e-09,4.66722521874003e-09,4.95119889054951e-09,5.09617066923863e-09,5.08483926982003e-09,4.91472206660485e-09,4.59895407015834e-09,4.16445886975754e-09,3.64787867126298e-09,3.09016177324092e-09,2.53095701550145e-09,2.00390021073631e-09,1.53354667669253e-09,1.13423339015625e-09,8.10695060936926e-10,5.59932116713242e-10,3.73693214017358e-10,2.40980005085025e-10,1.50148302862251e-10,9.03907431204694e-11,5.25756041288377e-11,2.95457984900054e-11,1.6041833058493e-11,8.41503080014664e-12,1.48214199748288e-12,5.10965731513176e-15,1.09033095615656e-20,2.97061004467998e-29,5.67842908727791e-68,0
0,9.7925703417633e-57,5.12286925217253e-18,1.7355105843842e-11,1.93593012054394e-09,1.34434814143023e-08,2.65993121635216e-08,3.79302646301569e-08,5.25611221617663e-08,7.08732207486035e-08,9.31302520010037e-08,1.19454315526358e-07,1.49814373489339e-07,1.84018997130192e-07,2.21699607567654e-07,2.62270696814551e-07,3.04862317616804e-07,3.48236536658544e-07,3.90718352308092e-07,4.30184483359878e-07,4.64152219950155e-07,4.89991092176426e-07,5.05245460818603e-07,5.08016546796063e-07,4.97322187067236e-07,4.73344436613522e-07,4.37494587696968e-07,3.92267794798516e-07,3.40912104264022e-07,2.86982396245429e-07,2.33874418407314e-07,1.84431472048672e-07,1.40689692852577e-07,1.03787907823927e-07,7.40280823975667e-08,5.10434466327022e-08,3.40190265611196e-08,2.19128863581948e-08,1.36408247010193e-08,8.20579371611069e-09,4.77003548270068e-09,2.67936094030757e-09,1.45425873025914e-09,7.62692594532052e-10,1.34362021503286e-10,5.0326170955169e-13,3.39480207311358e-16,9.93379949973017e-23,1.89888340062489e-61,0
0,9.43726876574603e-56,4.93699736610137e-17,1.67254723414925e-10,1.86566410478569e-08,1.28715904189367e-07,2.51849551202833e-07,3.57149698614667e-07,4.91438528609036e-07,6.56816409776761e-07,8.53684114009567e-07,1.08049999194452e-06,1.33377802699247e-06,1.60829790405395e-06,1.8974219382108e-06,2.19337304496206e-06,2.48735169960177e-06,2.76946291268816e-06,3.02855824732744e-06,3.25221667286453e-06,3.42712898242777e-06,3.54007394064859e-06,3.57948731645184e-06,3.53738608851757e-06,3.41121018967286e-06,3.20506931779341e-06,2.92997597539443e-06,2.60288747105187e-06,2.24469093595767e-06,1.87754179357564e-06,1.52211801625382e-06,1.19533883656024e-06,9.08936064563127e-07,6.69023942674114e-07,4.76571700808156e-07,3.28509630345512e-07,2.19128110719686e-07,1.41455060452935e-07,8.8388786918345e-08,5.34781992664237e-08,3.13447575955082e-08,1.78093321128898e-08,9.81760614002164e-09,5.25692818040633e-09,1.06596891283192e-09,3.12381327385196e-11,2.37670988475202e-13,6.99009425224267e-20,1.33614132204829e-58,0
0,1.86450477157625e-55,9.75393980489095e-17,3.3044287487484e-10,3.686538368023e-08,2.54331169334896e-07,4.97125058017329e-07,7.04564025808956e-07,9.68699940381546e-07,1.29327827120223e-06,1.67850062831517e-06,2.12051948988054e-06,2.61144195180378e-06,3.13980593636955e-06,3.69133746831157e-06,4.24970486725303e-06,4.79701207828763e-06,5.31393223493189e-06,5.7796251823579e-06,6.17180748284373e-06,6.46743467886434e-06,6.64433767190442e-06,6.68383657886825e-06,6.57393882732571e-06,6.31237532657079e-06,5.90859379575175e-06,5.38399013695269e-06,4.77008125097272e-06,4.10486722815593e-06,3.42811195062334e-06,2.77653103073529e-06,2.17984368231398e-06,1.65835572968968e-06,1.2223112380426e-06,8.72825727206749e-07,6.03913667904256e-07,4.05004220519656e-07,2.63391832542132e-07,1.66234394128684e-07,1.01916471517411e-07,6.07753526203037e-08,3.53070268746551e-08,2.00204489058369e-08,1.11049287350815e-08,2.73128579429412e-09,1.61223225240255e-10,1.3176440521891e-12,3.87521567699156e-19,7.40705416309159e-58,0
0,2.74097446461143e-55,1.43390890397004e-16,4.85778479304807e-10,5.41995282565666e-08,3.73969457935687e-07,7.30791906645379e-07,1.03556513039804e-06,1.42345079864812e-06,1.89976048285121e-06,2.46449529950207e-06,3.11158474506887e-06,3.82889038714649e-06,4.5989326733607e-06,5.40006990496451e-06,6.20771569530345e-06,6.99520870529745e-06,7.73416762497775e-06,8.39450765040949e-06,8.94461812156443e-06,9.35233933467211e-06,9.58722070991096e-06,9.62410261458887e-06,9.44748362533833e-06,9.05564163398482e-06,8.46328872831189e-06,7.70176660827481e-06,6.81638071643037e-06,5.86123195682831e-06,4.89257434830114e-06,3.96208450916487e-06,3.11137649024385e-06,2.36868439151161e-06,1.74803057478651e-06,1.25060357434195e-06,8.67653150316671e-07,5.84049039775957e-07,3.81728931820764e-07,2.42497522422246e-07,1.49927015654342e-07,9.03615927671774e-08,5.31940997340821e-08,3.06530322343168e-08,1.73312757474896e-08,4.65773424766296e-09,3.30386061554914e-10,2.73291328919236e-12,8.03688959141403e-19,1.53613423167783e-57,0
0,3.88772577956164e-55,2.03381851362895e-16,6.8901605879829e-10,7.68826940311905e-08,5.30633720202786e-07,1.036849612185e-06,1.46913260960476e-06,2.01911760743606e-06,2.69413065430075e-06,3.4938386800515e-06,4.40913970074752e-06,5.42215662859897e-06,6.50729208016632e-06,7.63297539066844e-06,8.76352313047385e-06,9.86055888650494e-06,1.08837295174043e-05,1.17909228403615e-05,1.25386388956826e-05,1.30833662731687e-05,1.33846152452153e-05,1.34096724462378e-05,1.31393617863807e-05,1.25734327554538e-05,1.17339460108092e-05,1.0665336255806e-05,9.43063364749678e-06,8.1043511123682e-06,6.76344270555903e-06,5.47821009865542e-06,4.30495080607455e-06,3.28157578661038e-06,2.42660176398781e-06,1.74112238073493e-06,1.21280557623853e-06,8.20756146086487e-07,5.4019785084754e-07,3.46254961802775e-07,2.16505671519287e-07,1.32320025037222e-07,7.92164133680409e-08,4.65617674857301e-08,2.69287827436398e-08,7.94753626192823e-09,6.55450886869399e-10,5.46925186909155e-12,1.60816796657534e-18,3.07370340617036e-57,0
0,5.32029120009983e-55,2.78324844760217e-16,9.42908643253659e-10,1.05224948268448e-07,7.26576379583607e-07,1.41984753153601e-06,2.01179191680855e-06,2.76478183462489e-06,3.68865655552968e-06,4.78262267359454e-06,6.03368796906114e-06,7.41662451882898e-06,8.89542493711342e-06,1.04257695033579e-05,1.1957726625573e-05,1.34379248080618e-05,1.48108077740089e-05,1.60191979483981e-05,1.70049873807239e-05,1.77110481740158e-05,1.80852053707956e-05,1.80863580815824e-05,1.76918240879311e-05,1.69041253357607e-05,1.57551134813051e-05,1.43057488216758e-05,1.2640897012059e-05,1.08598446344715e-05,9.06439433999755e-06,7.3469969329974e-06,5.78124753549808e-06,4.41631734751475e-06,3.27581142967014e-06,2.36049979732284e-06,1.65365340886901e-06,1.12745935452629e-06,7.4915396910694e-07,4.85946749308683e-07,3.08323765722863e-07,1.91761692334689e-07,1.17167785250094e-07,7.04744534894461e-08,4.17969933714913e-08,1.35325275384066e-08,1.25764379786821e-09,1.05611191588729e-11,3.10474996823223e-18,5.93395015470023e-57,0
0,7.02464411994151e-55,3.67486084999133e-16,1.24497059941838e-09,1.38952602108143e-07,9.6006746786604e-07,1.87664823724355e-06,2.65923731353807e-06,3.65473821826532e-06,4.8760329752129e-06,6.32179568880617e-06,7.97435341854362e-06,9.79958210275634e-06,1.17488185713796e-05,1.37621833736833e-05,1.57723115633075e-05,1.77074886259904e-05,1.94936498741524e-05,2.1055475983272e-05,2.23175742328133e-05,2.32070901176268e-05,2.36587905144971e-05,2.36227152109151e-05,2.30732317848428e-05,2.20172638346578e-05,2.04990813892953e-05,1.85995833972822e-05,1.64293378729885e-05,1.41163265199229e-05,1.17907826796394e-05,9.57023214531022e-06,7.54764831593235e-06,5.78465447230701e-06,4.31033190139758e-06,3.12488296507599e-06,2.20651401759781e-06,1.51960215370088e-06,1.02243818400479e-06,6.73399111647486e-07,4.35057821375323e-07,2.76291683464741e-07,1.72801698541685e-07,1.06587362037076e-07,6.48896992376411e-08,2.28926150768844e-08,2.33230988956445e-09,1.96779125772555e-11,5.78328172075006e-18,1.10528677541747e-56,0
0,8.94875040131387e-55,4.68143466696152e-16,1.5859802960156e-09,1.77040805337291e-07,1.2242312327689e-06,2.39415413122277e-06,3.39311362774596e-06,4.66408015835108e-06,6.22351052216572e-06,8.06958762515948e-06,1.01793927462959e-05,1.25086783912155e-05,1.49942536006383e-05,1.75582533533689e-05,2.01130513162341e-05,2.25655523335659e-05,2.48201494673521e-05,2.67805700704158e-05,2.83517602257645e-05,2.94433950150473e-05,2.9976239483528e-05,2.98914458227224e-05,2.91613543622714e-05,2.77990979078484e-05,2.58638804736525e-05,2.34594934447239e-05,2.07252770304238e-05,1.7820776363915e-05,1.49070662341147e-05,1.21285472108311e-05,9.59872326931241e-06,7.39224080852225e-06,5.54378080075432e-06,4.05281133402245e-06,2.89215997950053e-06,2.01803491863255e-06,1.3794333213787e-06,9.2557753136591e-07,6.10820962339926e-07,3.97132598869119e-07,2.54680858430942e-07,1.6118512305629e-07,1.00651798683734e-07,3.82759315766998e-08,4.1786547089915e-09,3.53788847373295e-11,1.03938250442046e-17,1.98634736233821e-56,0
0,1.09989089539874e-54,5.75395126323352e-16,1.94933149897589e-09,2.17640544734373e-07,1.50651856251751e-06,2.94824731115609e-06,4.17949910674705e-06,5.7465941280687e-06,7.67006076855238e-06,9.94780641423558e-06,1.25515001037103e-05,1.54261459805002e-05,1.84929058757588e-05,2.16543319120724e-05,2.48005378845346e-05,2.78147861511476e-05,3.05775947061419e-05,3.29695645829867e-05,3.4874209827289e-05,3.61825837444439e-05,3.68010686450936e-05,3.666236639232e-05,3.57379689191765e-05,3.40489425116118e-05,3.16714131509095e-05,2.8734006744332e-05,2.54064612934748e-05,2.18810202793822e-05,1.8350197664573e-05,1.49854072517477e-05,1.19205300758456e-05,9.24299240652455e-06,6.9929226269444e-06,5.16910988106249e-06,3.73929954682776e-06,2.65202539999303e-06,1.84758777933361e-06,1.26663881163196e-06,8.55782040859637e-07,5.70364222036337e-07,3.75098034343137e-07,2.43304136056061e-07,1.55482680832862e-07,6.29289366183578e-08,7.23085264114171e-09,6.13785359310603e-11,1.80231562504059e-17,3.44416989721739e-56,0
0,1.30432543589422e-54,6.82342677890678e-16,2.31165406871627e-09,2.5814700931338e-07,1.78913860134046e-06,3.50456904762902e-06,4.96997260497283e-06,6.83616912542833e-06,9.12817303005683e-06,1.18440514079826e-05,1.49504467495107e-05,1.83818576292107e-05,2.20437980080929e-05,2.58189114154252e-05,2.95743698038977e-05,3.31688017550812e-05,3.64576865010938e-05,3.92973758113742e-05,4.15491160940046e-05,4.3085005768256e-05,4.37973278327984e-05,4.36111955345215e-05,4.24984902230871e-05,4.04894974083022e-05,3.767822573106e-05,3.42184554444824e-05,3.03098340915921e-05,2.61760403028486e-05,2.20392180208032e-05,1.80958051037427e-05,1.44982996844094e-05,1.13457294560801e-05,8.68329069344702e-06,6.50955840265905e-06,4.78838663680446e-06,3.46231487589814e-06,2.46482526392862e-06,1.72979737685329e-06,1.19758355110319e-06,8.17978524046592e-07,5.50843422982795e-07,3.65277188022043e-07,2.38112738057478e-07,1.01280471485838e-07,1.20830855188496e-08,1.02756729356266e-10,3.01537969907443e-17,5.76186501252711e-56,0
0,1.49235266163939e-54,7.80706933621539e-16,2.64489982268253e-09,2.95431314936148e-07,2.05060597626321e-06,4.02144896155358e-06,5.70570635907215e-06,7.85232958560405e-06,1.04910958686587e-05,1.36208969288102e-05,1.72043785502598e-05,2.11668271898916e-05,2.53995004027025e-05,2.97664318144754e-05,3.41128978741278e-05,3.82736149418585e-05,4.20794678560693e-05,4.53628850597407e-05,4.79632665763311e-05,4.9734450921823e-05,5.05556391740308e-05,5.03455534970699e-05,4.90775110490676e-05,4.67914657404166e-05,4.35987287902166e-05,3.96763508893575e-05,3.52506941871655e-05,3.05726645030129e-05,2.58893691714449e-05,2.14178344733302e-05,1.73256390941169e-05,1.37212751425672e-05,1.06545051801403e-05,8.12476813028685e-06,6.0943783064492e-06,4.50303918833426e-06,3.28086136824983e-06,2.35821715035504e-06,1.67194143010651e-06,1.16828137323408e-06,8.03472886274508e-07,5.42911830059182e-07,3.59721127649129e-07,1.58995561298282e-07,1.94972131257748e-08,1.6601334296835e-10,4.8675512451841e-17,9.30016677967043e-56,0
0,1.64742673549443e-54,8.61832131302599e-16,2.91974459124966e-09,3.2621919906664e-07,2.26830107804638e-06,4.45480031581677e-06,6.32433402405029e-06,8.70956275825835e-06,1.16451063383611e-05,1.51315357698836e-05,1.91291674430096e-05,2.35564612021055e-05,2.8293304393038e-05,3.31882158541091e-05,3.80675921084098e-05,4.27449692890044e-05,4.7029018960767e-05,5.07303432557203e-05,5.36684446674353e-05,5.56807995380341e-05,5.66353218112808e-05,5.64457709225296e-05,5.50875072204346e-05,5.26094043589761e-05,4.91375269472915e-05,4.48676680044686e-05,4.00466025285176e-05,3.49449917868432e-05,2.98271682988882e-05,2.49237609658402e-05,2.04121134990191e-05,1.64071668689781e-05,1.29627654971545e-05,1.00810788580021e-05,7.72658453269114e-06,5.84097536173901e-06,4.35617852031165e-06,3.20393999055589e-06,2.32166223971544e-06,1.65506490248092e-06,1.15865441587106e-06,7.95000862516658e-07,5.33585552946663e-07,2.42796399604157e-07,3.03791084814549e-08,2.58843156253998e-10,7.5812094426079e-17,1.44833003979023e-55,0
0,1.75464756999404e-54,9.1792346351681e-16,3.10978068480315e-09,3.47558299753081e-07,2.42165522284627e-06,4.76425023876301e-06,6.76857477423958e-06,9.32906680142507e-06,1.24850155433319e-05,1.62396208569529e-05,2.05530493011257e-05,2.53402747690653e-05,3.04740736361693e-05,3.5792264466331e-05,4.1107340202049e-05,4.62164691151256e-05,5.09105656197185e-05,5.49824496066399e-05,5.82353711130117e-05,6.04936580777333e-05,6.16165305779554e-05,6.15143592896969e-05,6.01645386670691e-05,5.76226848078561e-05,5.40248660633763e-05,4.95782652803542e-05,4.45405692857727e-05,3.919146751011e-05,3.38018052338628e-05,2.86064350105152e-05,2.37855506062306e-05,1.94568160096444e-05,1.56778242472161e-05,1.24562209039208e-05,9.76375040833609e-06,7.55060508047559e-06,5.75745643718513e-06,4.32390944931715e-06,3.19335607359468e-06,2.31500937037903e-06,1.64419662300704e-06,1.1418822064841e-06,7.74067726774923e-07,3.59953565865514e-07,4.57101356801602e-08,3.89510150383165e-10,1.13927478094206e-16,2.17617333484274e-55,0
0,1.80311253763685e-54,9.43277347522666e-16,3.19568481592937e-09,3.57283333383791e-07,2.49534988383629e-06,4.91934240278345e-06,6.99498614151281e-06,9.6507156425439e-06,1.29300213493748e-05,1.68396368640991e-05,2.13420338561416e-05,2.63526811779278e-05,3.17425204699875e-05,3.73448543092839e-05,4.29649127157065e-05,4.83901787413309e-05,5.34002270624768e-05,5.77760534674739e-05,6.13100095809041e-05,6.38178225897816e-05,6.51534034289442e-05,6.52254153368662e-05,6.40126131720873e-05,6.15737339430284e-05,5.80479648219799e-05,5.36438831275215e-05,4.86176933364378e-05,4.32445360899859e-05,3.77885358608762e-05,3.24774305187236e-05,2.74861010950856e-05,2.29307237717941e-05,1.88725402101993e-05,1.53282461517499e-05,1.22832054902738e-05,9.70409406682654e-06,7.54876651200339e-06,5.77256339500805e-06,4.3314486490988e-06,3.18301990211116e-06,2.28654410128202e-06,1.6028942506544e-06,1.09482700135762e-06,5.17393007787562e-07,6.64256608356276e-08,5.65748533021352e-10,1.65189995140612e-16,3.15477633856602e-55,0
0,1.78774228053452e-54,9.35236576331571e-16,3.16845402989326e-09,3.54378040073205e-07,2.48184217828178e-06,4.90449282747754e-06,6.98099264242622e-06,9.6427218517785e-06,1.29365929596374e-05,1.68735739786805e-05,2.14208595484691e-05,2.64985845202154e-05,3.19816009791896e-05,3.77056607425446e-05,4.34764681280604e-05,4.90798791543268e-05,5.42921162512737e-05,5.88899408151854e-05,6.26616807989709e-05,6.54202291189555e-05,6.7018309813203e-05,6.73646822482119e-05,6.64382358093888e-05,6.4296012425632e-05,6.10717180964176e-05,5.6963284614031e-05,5.22108927976935e-05,4.70695331943885e-05,4.17816644414531e-05,3.65553054943147e-05,3.15511077727273e-05,2.68793091139333e-05,2.26049240543107e-05,1.87578716648916e-05,1.53443497268626e-05,1.23565053092492e-05,9.77884442889712e-06,7.59127551462846e-06,5.76972429536548e-06,4.28567896190634e-06,3.10587400492206e-06,2.19282219822148e-06,1.50632743675815e-06,7.20448406315642e-07,9.32437187219185e-08,7.93219051943497e-10,2.31104455768201e-16,4.41258220906042e-55,0
0,1.71015759715459e-54,8.94649051806025e-16,3.03095991909936e-09,3.39150170447556e-07,2.38263942404293e-06,4.7215792432709e-06,6.72861043610129e-06,9.30683871735457e-06,1.25055289747449e-05,1.63402349437811e-05,2.07849255657562e-05,2.5768255886253e-05,3.11745516185889e-05,3.6849019781385e-05,4.26059078344338e-05,4.82381497374642e-05,5.35275271708216e-05,5.82552530346646e-05,6.22136159294487e-05,6.52193821819904e-05,6.7128820334407e-05,6.78527606806709e-05,6.73687123298629e-05,6.5726522013884e-05,6.30448676116026e-05,5.94979492214598e-05,5.52943918052151e-05,5.06526124518183e-05,4.57778634551243e-05,4.08454771005643e-05,3.59927963099858e-05,3.13196641909173e-05,2.68950994183579e-05,2.27666046588026e-05,1.89686707188592e-05,1.55281886314177e-05,1.24660915146752e-05,9.79599647003884e-06,7.52146694649152e-06,5.63362952854549e-06,4.11039615203357e-06,2.91776646106246e-06,2.01293714277231e-06,9.71403892199215e-07,1.26462857115312e-07,1.07369417778861e-09,3.11966019235809e-16,5.95478641325404e-55,0
0,1.57839792376054e-54,8.25720511500179e-16,2.7974498367731e-09,3.13177807994773e-07,2.20802413109292e-06,4.38956663023973e-06,6.26401432413216e-06,8.67791821225213e-06,1.16815973325087e-05,1.52950972423589e-05,1.95005662875235e-05,2.42382488423151e-05,2.94066877903632e-05,3.486682486002e-05,4.04490076199623e-05,4.5961737274534e-05,5.12013628656321e-05,5.59625863191534e-05,6.00501326748617e-05,6.32918433667875e-05,6.55526447638688e-05,6.67476287178786e-05,6.68514823344593e-05,6.59013764951163e-05,6.39914988755492e-05,6.12594838874864e-05,5.78673323345031e-05,5.39811079970796e-05,4.97540392689098e-05,4.53164696480791e-05,4.07738316307033e-05,3.62113168134789e-05,3.17020764874938e-05,2.73151907185441e-05,2.31203573139284e-05,1.91878646761485e-05,1.55842529981621e-05,1.23654889768227e-05,9.57008444926991e-06,7.21432873143339e-06,5.29092305536432e-06,3.77119913861653e-06,2.6101534856437e-06,1.26809020077114e-06,1.65765047224562e-07,1.40330182928016e-09,4.06337590015898e-16,7.75333791548369e-55,0
0,1.40554907038634e-54,7.35296644699103e-16,2.49111499110068e-09,2.79039977882818e-07,1.97529844327119e-06,3.94126943344125e-06,5.63306903300217e-06,7.8179605012316e-06,1.05458904766877e-05,1.38408356464099e-05,1.76937096833073e-05,2.2058289441503e-05,2.68507494980269e-05,3.19526574589852e-05,3.72167220635312e-05,4.2474421093803e-05,4.75448822561954e-05,5.22448228380141e-05,5.63996079227126e-05,5.98552617222225e-05,6.24905311352358e-05,6.42271725533567e-05,6.50360608667523e-05,6.49370065080168e-05,6.39914715323038e-05,6.22893634469779e-05,5.99330209689045e-05,5.70225690448472e-05,5.36464878532843e-05,4.98795440459092e-05,4.57877656825734e-05,4.14378123134417e-05,3.69067393847879e-05,3.22882217389977e-05,2.76926771090533e-05,2.32408482122636e-05,1.90524880426036e-05,1.52331732913285e-05,1.18625954673991e-05,8.98699433883383e-06,6.61706483986036e-06,4.73118609603563e-06,3.28263815380004e-06,1.602876064681e-06,2.10071589838219e-07,1.77127175047409e-09,5.10687675604312e-16,9.74003192323021e-55,0
0,1.20760434756064e-54,6.31744165747288e-16,2.14029984983658e-09,2.39895179976551e-07,1.70596279232454e-06,3.41801522011411e-06,4.89388014939789e-06,6.80606006264451e-06,9.2027005327821e-06,1.21107420579283e-05,1.55295961051608e-05,1.94272344576096e-05,2.37392534215413e-05,2.83709019233831e-05,3.32016173809809e-05,3.80914539564296e-05,4.28889096264582e-05,4.74398767819443e-05,5.15974857947326e-05,5.52322968800169e-05,5.8241674449698e-05,6.05565714421279e-05,6.21438160049882e-05,6.30026714328474e-05,6.31559218436862e-05,6.26375760796499e-05,6.14807467142932e-05,5.97096462898937e-05,5.73386187586694e-05,5.43789255522161e-05,5.0851371703748e-05,4.68007397448173e-05,4.23071755848884e-05,3.74904376923458e-05,3.2504993945233e-05,2.75265997147058e-05,2.27333375635891e-05,1.82854396430108e-05,1.43082427111785e-05,1.08814875783633e-05,8.0363530769014e-06,5.7597211682609e-06,4.00372839793487e-06,1.96239338998359e-06,2.57500984573605e-07,2.15964335364993e-09,6.19330308322155e-16,1.18054132081679e-54,0
0,1.00104238864134e-54,5.23683679981362e-16,1.77420938645813e-09,1.99003064333845e-07,1.42246473298631e-06,2.86340925297785e-06,4.1080367935002e-06,5.72650139597012e-06,7.76384949107076e-06,1.02487408702963e-05,1.31880673058463e-05,1.65634244198991e-05,2.03299512507587e-05,2.44176268479051e-05,2.8734768279457e-05,3.31733140303655e-05,3.76154820391296e-05,4.19414213062071e-05,4.60373525587849e-05,4.98033370987273e-05,5.3159343770052e-05,5.60480130900152e-05,5.84328031548484e-05,6.02912283571701e-05,6.1604502498801e-05,6.23465378672351e-05,6.24762141103915e-05,6.19365348343287e-05,6.06625938159829e-05,5.85976017050818e-05,5.57134486577404e-05,5.20303867426195e-05,4.76301234812714e-05,4.2658084109779e-05,3.73133711236941e-05,3.1828138971343e-05,2.64407238143381e-05,2.13681832439003e-05,1.67836403687504e-05,1.28022307540235e-05,9.47712612902251e-06,6.80478479148577e-06,4.73686091144161e-06,2.32822539227063e-06,3.05463797295199e-07,2.54426890653426e-09,7.24770076132341e-16,1.38054685043395e-54,0
0,8.00625488675576e-55,4.18837910317818e-16,1.41900707492734e-09,1.59288736576811e-07,1.14519314178761e-06,2.31749192597958e-06,3.3323584287071e-06,4.6574644290789e-06,6.33370676220456e-06,8.39011285639879e-06,1.08394970635808e-05,1.36754949477032e-05,1.68714298946857e-05,2.03811627922706e-05,2.41418090117865e-05,2.80780374079957e-05,3.2107567657235e-05,3.61473576227846e-05,4.01197282377154e-05,4.39573198784823e-05,4.7605482306935e-05,5.10207589266359e-05,5.41647943159864e-05,5.69943116517996e-05,5.94494726534314e-05,6.14443437188878e-05,6.28636590310311e-05,6.35691331954252e-05,6.34162612156344e-05,6.22794446632365e-05,6.00803840704504e-05,5.68129983337773e-05,5.25583334984374e-05,4.74850455680077e-05,4.18344790164549e-05,3.58930815644749e-05,2.99578039450928e-05,2.43014468825961e-05,1.91443942968474e-05,1.46371378536169e-05,1.0855179612669e-05,7.80514412165251e-06,5.43893020521897e-06,2.67858222120227e-06,3.5090138230817e-07,2.89718329284353e-09,8.18473462310485e-16,1.55765133198033e-54,0
0,6.1781080691289e-55,3.23200536331056e-16,1.09499899430998e-09,1.23027387586528e-07,8.90255581721735e-07,1.81233639067104e-06,2.61262620533626e-06,3.66236675965455e-06,4.99758441557272e-06,6.64638987452616e-06,8.62568659477273e-06,1.0938886708873e-05,1.35750229658585e-05,1.65094333802152e-05,1.97059833253722e-05,2.31206041118243e-05,2.67057412076691e-05,3.0415063469632e-05,3.42074658125392e-05,3.80490834181272e-05,4.19119302069348e-05,4.57681366403851e-05,4.95797586279675e-05,5.32856764011735e-05,5.6788790925022e-05,5.99479048381512e-05,6.25786898175628e-05,6.44666368794719e-05,6.53920326069444e-05,6.51635323331689e-05,6.36538889821853e-05,6.08298918268043e-05,5.67691948568856e-05,5.16594146565871e-05,4.57789189834118e-05,3.94629453834682e-05,3.30618871810664e-05,2.68999259793961e-05,2.12414463394022e-05,1.62702386306131e-05,1.20832167137395e-05,8.69720985238743e-06,6.06511025243753e-06,2.99073944165039e-06,3.90639343133591e-07,3.19006678794895e-09,8.91979096868674e-16,1.69565891133851e-54,0
0,4.59971299147099e-55,2.4062863407131e-16,8.15252970356904e-10,9.16884947439233e-08,6.68323247297449e-07,1.36966221384299e-06,1.98012604185653e-06,2.78499633643256e-06,3.81507270198679e-06,5.09647706390147e-06,6.64835582907099e-06,8.4813258575365e-06,1.05969878375508e-05,1.29886818940018e-05,1.56434810210806e-05,1.85452115370744e-05,2.16780341220297e-05,2.50297953773552e-05,2.85940048387248e-05,3.23690402658535e-05,3.63532572153039e-05,4.05353026085476e-05,4.48801931116958e-05,4.93134351074215e-05,5.37071456700362e-05,5.78731035068213e-05,6.15672937206236e-05,6.45085398721446e-05,6.64105232292509e-05,6.70227058758146e-05,6.61725527992662e-05,6.3800064690376e-05,5.99765889949161e-05,5.49030505207881e-05,4.88873016600668e-05,4.23049596160422e-05,3.55515784545118e-05,2.8995403107146e-05,2.29390411873048e-05,1.75956233212951e-05,1.30813371988436e-05,9.42268167353214e-06,6.57425384259657e-06,3.24379914310557e-06,4.21793664540016e-07,3.39820004388407e-09,9.38154873904947e-16,1.78096705978463e-54,0
0,3.30411466990758e-55,1.72850915114341e-16,5.85626354399153e-10,6.59370675526353e-08,4.84546752304031e-07,1.00050736370047e-06,1.45108495781576e-06,2.04858051255674e-06,2.81856148962381e-06,3.78439391554056e-06,4.96582333595051e-06,6.37813037436552e-06,8.03212565960137e-06,9.93513905437835e-06,1.20929945280321e-05,1.45127338982342e-05,1.72055451247551e-05,2.01889757351637e-05,2.34871490225588e-05,2.71275191795655e-05,3.11329300257682e-05,3.55085731689158e-05,4.02248988129482e-05,4.51993619689761e-05,5.0281548127833e-05,5.52470223080662e-05,5.98045914449329e-05,6.36193527269451e-05,6.63502760722543e-05,6.7697040954729e-05,6.74476204688918e-05,6.55167834202909e-05,6.19668667888167e-05,5.70056980377538e-05,5.09615172013125e-05,4.42397961594725e-05,3.72705931462532e-05,3.04565598593626e-05,2.41306953823367e-05,1.85299135800426e-05,1.37864723398735e-05,9.93546207134813e-06,6.93379871318607e-06,3.42122861130461e-06,4.42149009545215e-07,3.50411275534615e-09,9.52344682490055e-16,1.80477232156624e-54,0
0,2.28996388358915e-55,1.19796796541144e-16,4.05880734100168e-10,4.57564395687544e-08,3.39319068697436e-07,7.0656119411045e-07,1.0284622158698e-06,1.4580908351239e-06,2.01607336810972e-06,2.72258983572884e-06,3.59668275888739e-06,4.65604495987296e-06,5.91750164600452e-06,7.39831334951428e-06,9.11826736633728e-06,1.11022780460867e-05,1.33828737645317e-05,1.60015458116031e-05,1.90075807390726e-05,2.24528824224535e-05,2.63816396054889e-05,3.08146736107182e-05,3.57298873313672e-05,4.10421312906562e-05,4.65874372267321e-05,5.21172496667058e-05,5.73074414900216e-05,6.17843575876383e-05,6.51662879952019e-05,6.7114569540759e-05,6.73851905166161e-05,6.58704569307778e-05,6.26215826250566e-05,5.78468203756058e-05,5.18850148333429e-05,4.51597992879726e-05,3.81236195342398e-05,3.12023381903933e-05,2.47500911901024e-05,1.90208585838336e-05,1.41589483139532e-05,1.02065045306774e-05,7.12323153778509e-06,3.51268093480956e-06,4.50432238970085e-07,3.5001401322997e-09,9.33148644143559e-16,1.76456679071468e-54,0
0,1.53126832456947e-55,8.01065209998235e-17,2.71410045389474e-10,3.06400441146045e-08,2.29538860863136e-07,4.82512918923332e-07,7.05200902374008e-07,1.00458748634e-06,1.39686448568114e-06,1.89891048119227e-06,2.52816171196387e-06,3.30291625986786e-06,4.24324786721506e-06,5.37262690805159e-06,6.72018665811239e-06,8.32331206999264e-06,1.02298661127441e-05,1.24989563848817e-05,1.51988082806526e-05,1.8400248463055e-05,2.21647331204682e-05,2.65269221808012e-05,3.14734534945873e-05,3.69214888225024e-05,4.27022108559734e-05,4.8555060709094e-05,5.41375645114671e-05,5.90529482142549e-05,6.2893788682408e-05,6.52956467816304e-05,6.59912255739386e-05,6.48542456038823e-05,6.19235628499827e-05,5.74019151891838e-05,5.16291150400942e-05,4.50350390659851e-05,3.80818901407316e-05,3.120686352563e-05,2.47752556222938e-05,1.90507447395155e-05,1.4185161752076e-05,1.02258337276408e-05,7.13555640757377e-06,3.51479367946769e-06,4.46429738089422e-07,3.38933766532736e-09,8.82654734754494e-16,1.66457330631791e-54,0
0,9.87923029246741e-56,5.1682043975803e-17,1.75106841572948e-10,1.97992457805133e-08,1.50016282549928e-07,3.18733216596366e-07,4.67984356709169e-07,6.70309037876781e-07,9.38096945165761e-07,1.28506360002931e-06,1.72652133046481e-06,2.28006573713748e-06,2.96682510409032e-06,3.8133456040301e-06,4.8540249353168e-06,6.13373988544764e-06,7.70994500503872e-06,9.65311008688778e-06,1.20440468045381e-05,1.49666474341955e-05,1.8495030727297e-05,2.26751891036101e-05,2.75028947521635e-05,3.29015262306113e-05,3.87050558819381e-05,4.46520208517919e-05,5.03953443719703e-05,5.55302207805192e-05,5.96383218108825e-05,6.23422575273789e-05,6.3360778006307e-05,6.25537940855741e-05,5.99475848546347e-05,5.57344129076168e-05,5.02462414665241e-05,4.39078595679464e-05,3.7178934601211e-05,3.04962354825048e-05,2.42262014297567e-05,1.86347041555044e-05,1.38763934879432e-05,1.00017301647044e-05,6.97674471676194e-06,3.43092987431838e-06,4.30936532567817e-07,3.18459928699102e-09,8.06067936165074e-16,1.5150148683855e-54,0
0,6.14956029486703e-56,3.21707092744005e-17,1.09000903052418e-10,1.23463444883351e-08,9.4737593093463e-08,2.03735330587235e-07,3.00714135295802e-07,4.33433754834878e-07,6.11156050037961e-07,8.44746089881013e-07,1.14719858070103e-06,1.53457255532054e-06,2.02746121689708e-06,2.65305180922636e-06,3.44767200098812e-06,4.45945410448654e-06,5.7503854634621e-06,7.39661570724275e-06,9.48559215685801e-06,1.21085847986273e-05,1.53476405607783e-05,1.92570907065438e-05,2.38413612654814e-05,2.90326929845348e-05,3.4673921139623e-05,4.05120488337529e-05,4.62074383418755e-05,5.13608747362146e-05,5.55568893437109e-05,5.84174659833098e-05,5.96568093830691e-05,5.91263912100224e-05,5.6840681445117e-05,5.29777207568302e-05,4.78540800295271e-05,4.18793238826631e-05,3.54993097565743e-05,2.91394125915022e-05,2.3157749538759e-05,1.7815210453616e-05,1.3264697855842e-05,9.55774124511188e-06,6.66362039575544e-06,3.2700761963086e-06,4.05565311927204e-07,2.90625417673637e-09,7.10827444851687e-16,1.33039317780526e-54,0
0,3.69329640319008e-56,1.9321050474373e-17,6.5464663145766e-11,7.42964308385274e-09,5.78211845525976e-08,1.26076395497091e-07,1.87221901507015e-07,2.71832012725746e-07,3.86690043658161e-07,5.4021729930518e-07,7.43135796165543e-07,1.00953089621596e-06,1.35842623992827e-06,1.81591461658209e-06,2.41773593585022e-06,3.21193812478593e-06,4.26090866572784e-06,5.64168547500956e-06,7.44317278008734e-06,9.7588811126382e-06,1.26742672233059e-05,1.62487810988147e-05,2.04942764175629e-05,2.53532185557223e-05,3.06816203232422e-05,3.62422327150556e-05,4.17126977752003e-05,4.67109507024594e-05,5.08364640201797e-05,5.37218038653985e-05,5.50855896874848e-05,5.4776448944631e-05,5.27986217040529e-05,4.93134297812192e-05,4.46160163806913e-05,3.90921699720056e-05,3.31641683055451e-05,2.72363292053243e-05,2.16500106612044e-05,1.66546625927828e-05,1.23972839850607e-05,8.92854404628183e-06,6.22090103710094e-06,3.04526425003378e-06,3.72471484702691e-07,2.57874944909478e-09,6.05418911455105e-16,1.1271773893206e-54,0
0,2.14009674513761e-56,1.11956671545673e-17,3.79344440869527e-11,4.31467127874178e-09,3.41135343820495e-08,7.55798782397781e-08,1.13035405025414e-07,1.65545365458332e-07,2.37993658667061e-07,3.36790908452025e-07,4.70582596099283e-07,6.5134136451609e-07,8.95945081804653e-07,1.22827842645569e-06,1.68175336841106e-06,2.30190514280791e-06,3.14839477168765e-06,4.29539431718834e-06,5.8290639863367e-06,7.84081768604667e-06,1.04154894396541e-05,1.36144642335263e-05,1.7455277563048e-05,2.18908578017891e-05,2.67930146264258e-05,3.19453862368686e-05,3.70503493903258e-05,4.17521755194056e-05,4.56752649192685e-05,4.84723896083322e-05,4.98746299541161e-05,4.97331900663261e-05,4.80441972387784e-05,4.49508958179323e-05,4.07225330350545e-05,3.57143633546361e-05,3.03171334016994e-05,2.49061062309666e-05,1.97988228521021e-05,1.52278489334371e-05,1.13307481675263e-05,8.15566077132008e-06,5.67811050829206e-06,2.77189555984795e-06,3.34058787858879e-07,2.22716597185954e-09,4.98143516845804e-16,9.21411594812747e-55,0
0,1.19646994644231e-56,6.25919333385366e-18,2.1208529151859e-11,2.41818337343942e-09,1.94606747450431e-08,4.39302416730712e-08,6.62596820115867e-08,9.80583003014337e-08,1.4279613727139e-07,2.05283995647578e-07,2.92363208630478e-07,4.13954437949218e-07,5.84558032559406e-07,8.25241206895805e-07,1.16601840578167e-06,1.64831415709532e-06,2.32690061812439e-06,3.27037601660969e-06,4.55900037632761e-06,6.27868217640925e-06,8.51027350208349e-06,1.13141842274625e-05,1.47116344433214e-05,1.86654002613732e-05,2.30642472964196e-05,2.7715855744404e-05,3.2352450509461e-05,3.66513602052904e-05,4.0269577300358e-05,4.28877836450647e-05,4.42562621661709e-05,4.42336582826425e-05,4.28103313092262e-05,4.01110364679281e-05,3.63761722110644e-05,3.19255750233739e-05,2.71125064722544e-05,2.22770750311406e-05,1.77075643112305e-05,1.36154307850722e-05,1.01260455384355e-05,7.28369886194031e-06,5.06685585729169e-06,2.46624997786415e-06,2.92719222308457e-07,1.87424119248561e-09,3.96087372354522e-16,7.26715165067114e-55,0
0,6.45385682118155e-57,3.37626011530255e-18,1.14403028935232e-11,1.30799278513383e-09,1.07381402374763e-08,2.47880539814043e-08,3.77748198843881e-08,5.66253414720786e-08,8.37823048434784e-08,1.2281668707417e-07,1.79058786130578e-07,2.60554623446474e-07,3.79431552621775e-07,5.5370729130086e-07,8.09463423740249e-07,1.18311244613955e-06,1.72322286694115e-06,2.49107365934015e-06,3.55887939738413e-06,5.0045943837029e-06,6.90251193873761e-06,9.30962024273262e-06,1.22488369351315e-05,1.56916253593113e-05,1.95437213322629e-05,2.36382906631825e-05,2.77403608404078e-05,3.15646288820472e-05,3.48059367861369e-05,3.71784504474952e-05,3.84567980762416e-05,3.8511053537301e-05,3.73280916147149e-05,3.50145039465981e-05,3.17802968803518e-05,2.7906875702375e-05,2.37061381756058e-05,1.947896057451e-05,1.54806815182061e-05,1.18987608224696e-05,8.8444784260718e-06,6.35734787339112e-06,4.41865380554235e-06,2.14430343696199e-06,2.50638479530365e-07,1.53833813380172e-09,3.04456351182107e-16,5.52998456488083e-55,0
0,3.35881437184354e-57,1.75712466401599e-18,5.95408129819583e-12,6.82826476127492e-10,5.73373245392424e-09,1.36023594455765e-08,2.09959558292715e-08,3.19830513259598e-08,4.82734396145885e-08,7.24957209027013e-08,1.08747800074711e-07,1.63433064556415e-07,2.46456995950757e-07,3.72817419624523e-07,5.64525118591966e-07,8.52626295942167e-07,1.27886865668165e-06,1.89629531181405e-06,2.76784368815766e-06,3.96198599832496e-06,5.54470061699124e-06,7.56769853480881e-06,1.00538337467133e-05,1.29818370335585e-05,1.62736056163725e-05,1.9787834596709e-05,2.33234013566566e-05,2.66344252985974e-05,2.94564803131628e-05,3.15405758670347e-05,3.26890540186477e-05,3.27863034924162e-05,3.18177118620071e-05,2.98725822587123e-05,2.71302673550701e-05,2.38325353396252e-05,2.02481063792613e-05,1.66365923114374e-05,1.3218487678478e-05,1.01557377153905e-05,7.54451135974258e-06,5.41901930762267e-06,3.76324340599981e-06,1.82084624748926e-06,2.09673750493432e-07,1.23250064286798e-09,2.26333552975614e-16,4.06006289501816e-55,0
0,1.68656010717227e-57,8.8230429956143e-19,2.98980177369961e-12,3.44048867440654e-10,2.96452409936475e-09,7.27775456697315e-09,1.14173233511295e-08,1.7749422395261e-08,2.74673323202052e-08,4.24925674615774e-08,6.59367413999318e-08,1.02806441840313e-07,1.61016225447909e-07,2.52741143242748e-07,3.9606027781886e-07,6.16704349640695e-07,9.49526165815127e-07,1.43909223140559e-06,2.13861247696236e-06,3.10638074566907e-06,4.39910073003187e-06,6.06199937414543e-06,8.1164772896623e-06,1.05470791971633e-05,1.3290514102899e-05,1.6229953514041e-05,1.91975484002287e-05,2.19868632399467e-05,2.43748534114255e-05,2.61505657935954e-05,2.71456141814595e-05,2.72603867111219e-05,2.64803563014779e-05,2.48788120204385e-05,2.26053307000958e-05,1.98625208615515e-05,1.68760733610825e-05,1.38642649568823e-05,1.10125674711952e-05,8.4572084975746e-06,6.2790630809149e-06,4.50688577823904e-06,3.12721960415038e-06,1.50882539083145e-06,1.71293322680898e-07,9.64471217479092e-10,1.62814276981874e-16,2.8760123742594e-55,0
0,8.1708415505949e-58,4.27448070222885e-19,1.44850692649578e-12,1.67321742535973e-10,1.48549203390683e-09,3.81068547651163e-09,6.10386241773271e-09,9.73713245751355e-09,1.55418997804988e-08,2.49131194409486e-08,4.01837943809214e-08,6.5199783274087e-08,1.06150039106722e-07,1.72680874054112e-07,2.79258458809505e-07,4.46630950520287e-07,7.03081773561091e-07,1.08498210825144e-06,1.63599652931523e-06,2.40425169467187e-06,3.43693545627316e-06,4.77222068847024e-06,6.42910411119534e-06,8.39660795859728e-06,1.06245875348978e-05,1.30188197857311e-05,1.5442831982752e-05,1.77279187796836e-05,1.96910874779766e-05,2.1158639684112e-05,2.19913182416843e-05,2.21060202814187e-05,2.14894007063504e-05,2.02002913646997e-05,1.83603444858422e-05,1.61349737174438e-05,1.37087445323579e-05,1.12602909886992e-05,8.94142896262027e-06,6.86364043459286e-06,5.09306279438348e-06,3.65315936558248e-06,2.53286946532732e-06,1.21884043647625e-06,1.36560321906023e-07,7.37385559500048e-10,1.13403657165437e-16,1.96561241520394e-55,0
0,3.81927471951919e-58,1.99800913826805e-19,6.77094786198481e-13,7.85464958149148e-11,7.22360106394622e-10,1.96289624074169e-09,3.22913630313802e-09,5.32018999534565e-09,8.81407374432633e-09,1.4715173892194e-08,2.47485011660261e-08,4.18139677082257e-08,7.06458997119992e-08,1.18702708988323e-07,1.97261207349841e-07,3.22600653769456e-07,5.17033786377642e-07,8.09393877214924e-07,1.23446010999596e-06,1.83076299109278e-06,2.63633128585299e-06,3.68227855973385e-06,4.98468305558015e-06,6.5359053983258e-06,8.2971355439435e-06,1.01943206002439e-05,1.21194660977415e-05,1.39385023950797e-05,1.55055392833816e-05,1.66816948073764e-05,1.73552431381175e-05,1.74590665504026e-05,1.69816446473625e-05,1.59690940214602e-05,1.45177664852468e-05,1.27590584694153e-05,1.08397581118329e-05,8.9020021579367e-06,7.06658797582655e-06,5.42218371655806e-06,4.02134067088685e-06,2.8826419342313e-06,1.99721965678233e-06,9.58773845412014e-07,1.06144836851077e-07,5.50814428332262e-10,7.65365168216312e-17,1.29614673712771e-55,0
0,1.72244019639852e-58,9.01074550886577e-20,3.05372033538239e-13,3.55930737903146e-11,3.41551628393716e-10,1.00165414290016e-09,1.70419368361698e-09,2.91950517167994e-09,5.04770499941829e-09,8.80430073151207e-09,1.54445288567218e-08,2.71115820660229e-08,4.73445948565966e-08,8.17671574190792e-08,1.38938711711421e-07,2.31282364732542e-07,3.75903428163159e-07,5.9499692730718e-07,9.15441592100649e-07,1.36714276000635e-06,1.97977555437959e-06,2.77783784734224e-06,3.7743532861448e-06,4.96410412126716e-06,6.31778285900121e-06,7.77874073769984e-06,9.26389620553575e-06,1.06697494821927e-05,1.18833852418233e-05,1.27970668770683e-05,1.33238957143087e-05,1.34114080173993e-05,1.30501689842703e-05,1.22754168206118e-05,1.11613643539703e-05,9.80943851148931e-06,8.33304422286832e-06,6.84202093791909e-06,5.42970470212596e-06,4.1645711638771e-06,3.08715820661236e-06,2.21174590714535e-06,1.53141683696838e-06,7.33588936641128e-07,8.03548359973355e-08,4.01872971766133e-10,5.00932252309466e-17,8.246308998379e-56,0
0,7.49473963491588e-59,3.92078585070006e-20,1.32880164991096e-13,1.5570164430309e-11,1.57490033876063e-10,5.10761935036781e-10,9.05235875078457e-10,1.62167496796184e-09,2.93490828784592e-09,5.34768063098221e-09,9.75667211093382e-09,1.77114509989253e-08,3.17938516985145e-08,5.61343346979822e-08,9.70534535933314e-08,1.63765127440986e-07,2.69003734318834e-07,4.29349028131668e-07,6.64945568333451e-07,9.98284695377142e-07,1.45178150322384e-06,2.04407164126875e-06,2.78527670655216e-06,3.67189507219569e-06,4.68236270188225e-06,5.77455169802044e-06,6.88639308479028e-06,7.94034852107952e-06,8.8516536370223e-06,9.53928856083462e-06,9.93777383262341e-06,1.00074316380105e-05,9.74088913603374e-06,9.16434915400385e-06,8.33332708909874e-06,7.32381682358459e-06,6.22083543555519e-06,5.10673553747507e-06,4.05148060084493e-06,3.10637009133947e-06,2.30173763133756e-06,1.64822519868808e-06,1.14059377750455e-06,5.45348599933975e-07,5.91819073421531e-08,2.86213908425104e-10,3.18245930498368e-17,5.0619073029859e-56,0
0,3.14643013358873e-59,1.64601832075287e-20,5.57882058494174e-14,6.57563928223055e-12,7.11264023131551e-11,2.62705447670625e-10,4.87863643326239e-10,9.16541361722527e-10,1.73528547106032e-09,3.29133748131733e-09,6.21187438699929e-09,1.15907709265064e-08,2.12632286709078e-08,3.81809107470593e-08,6.68797877148029e-08,1.13995628388641e-07,1.88727612810566e-07,3.03085968749848e-07,4.71702256911747e-07,7.10958688577285e-07,1.03723833993273e-06,1.46423728685845e-06,1.99951572980134e-06,2.64076396774226e-06,3.37254435319107e-06,4.16443641003299e-06,4.97145601030985e-06,5.73728423900248e-06,6.40025605748956e-06,6.90135088875941e-06,7.19279821727748e-06,7.24557367460913e-06,7.05415907720235e-06,6.63748609006892e-06,6.03584109316017e-06,5.30443320962072e-06,4.505049123277e-06,3.6975389157355e-06,2.93273503605771e-06,2.2478880710676e-06,1.66499878838246e-06,1.19175436615385e-06,8.24308775560161e-07,3.9348494674941e-07,4.23601254700474e-08,1.9881908390594e-10,1.96454344693144e-17,2.99790539028195e-56,0
0,1.27446754247828e-59,6.66722868496877e-21,2.2598323909212e-14,2.68121710510617e-12,3.16587244492839e-11,1.37409763064203e-10,2.68080932670222e-10,5.27547576296748e-10,1.04041361277678e-09,2.04165997179891e-09,3.95972367641285e-09,7.54707366665558e-09,1.40728165348299e-08,2.55865825787625e-08,4.52486939689626e-08,7.76954397451888e-08,1.29369841880059e-07,2.08702483414506e-07,3.259860220507e-07,4.92770546550354e-07,7.2063819466663e-07,1.01931305681174e-06,1.39422893411926e-06,1.84388912586871e-06,2.35755522820294e-06,2.91392096383334e-06,3.4813889447154e-06,4.02033238419558e-06,4.48731003265122e-06,4.84070130650562e-06,5.04678246547265e-06,5.08502454346645e-06,4.95146203939043e-06,4.65936726435655e-06,4.23707205852179e-06,3.72343255955326e-06,3.16194309406179e-06,2.59473165946738e-06,2.05756841775925e-06,1.57665157656149e-06,1.16743708974593e-06,8.35304334180953e-07,5.77520068329708e-07,2.75298467261101e-07,2.94351976055879e-08,1.34576249897438e-10,1.17961585054468e-17,1.71305304701547e-56,0
0,1.1759071113698e-60,6.15162125655678e-22,2.08565253875314e-15,2.56086174907221e-13,5.24515910423642e-12,4.27317489057129e-11,9.45425514367086e-11,2.06187699292074e-10,4.4081376085354e-10,9.2003941655157e-10,1.8690436981075e-09,3.68789046974481e-09,7.05734841999053e-09,1.30846880627672e-08,2.34871874045635e-08,4.07966455192576e-08,6.85468107375494e-08,1.11379903468741e-07,1.74985109489832e-07,2.65771996494749e-07,3.90198375453709e-07,5.53725839476122e-07,7.59468830605883e-07,1.00672153021399e-06,1.28966112450471e-06,1.59659398816021e-06,1.91009163331197e-06,2.20823269424019e-06,2.46693651183604e-06,2.66309341990121e-06,2.77794662601162e-06,2.8000453063087e-06,2.72712585779477e-06,2.56649344274167e-06,2.33381488221131e-06,2.05059922139966e-06,1.7409270843699e-06,1.42811578661442e-06,1.13195004353393e-06,8.66902698146056e-07,6.41491962754553e-07,4.58657621602033e-07,3.16855698281204e-07,1.50639757112094e-07,1.58963639085655e-08,6.89465826387517e-11,4.43821077418136e-18,5.39610516389335e-57,0
0,8.60340791802497e-65,4.50077277949144e-26,1.53330369496597e-19,5.27929225115399e-17,2.9891054931258e-13,4.91563815027499e-12,1.17183759800086e-11,2.69924728760982e-11,6.00752802917097e-11,1.29187175401584e-10,2.68415598310879e-10,5.38835697330215e-10,1.04510912010307e-09,1.95848683196422e-09,3.54593678468991e-09,6.20284028361319e-09,1.04832936494402e-08,1.71179185186391e-08,2.70052944001031e-08,4.11614347623697e-08,6.06142486907983e-08,8.62384029066149e-08,1.18540748033548e-07,1.57425438837326e-07,2.01986265591811e-07,2.50384765161589e-07,2.99869717058529e-07,3.46972885672817e-07,3.87879031985158e-07,4.1892334952582e-07,4.37129415895246e-07,4.40679082970269e-07,4.29211699499731e-07,4.0388449123787e-07,3.67180105260683e-07,3.22505629687081e-07,2.73672732347087e-07,2.24368417312946e-07,1.7771652261705e-07,1.35997120004233e-07,1.00546600506613e-07,7.18192418622807e-08,4.95621307787949e-08,2.34807879059321e-08,2.43673125792414e-09,9.84620286084404e-12,3.07080352692e-19,8.25918936183562e-59,0
0,3.75601826549339e-74,1.96491776269667e-35,2.01095827784747e-28,2.39456272761603e-19,3.26084048823583e-15,5.40341724663978e-14,1.28932828283897e-13,2.97228663216067e-13,6.61987876103008e-13,1.42443142760741e-12,2.96118280016625e-12,5.94731641795751e-12,1.15400854452614e-11,2.16336178143413e-11,3.91815333752578e-11,6.85592167260255e-11,1.15899725657814e-10,1.89291498097164e-10,2.98683991592569e-10,4.55328590606694e-10,6.70610007672972e-10,9.54217271087158e-10,1.3117668391812e-09,1.74220058145639e-09,2.23548516009171e-09,2.77126181569861e-09,3.31906267528871e-09,3.84047973310839e-09,4.29326434585061e-09,4.63683785741251e-09,4.83825012760674e-09,4.87738289608369e-09,4.75026143512739e-09,4.46971981320467e-09,4.0632656302037e-09,3.56863603046429e-09,3.02803871895648e-09,2.48229115089507e-09,1.96596662595077e-09,1.50429042140124e-09,1.11203733078773e-09,7.94216985370392e-10,5.48013305245858e-10,2.59520172735278e-10,2.68805751955494e-11,1.07733888294032e-13,2.93304578139005e-21,4.72535362832073e-63,0
0,4.64064371747086e-102,9.98261440512138e-63,5.83187707564748e-35,1.32542651636836e-25,1.80514920172342e-21,2.99127186779786e-20,7.13758710855512e-20,1.64542870465875e-19,3.66470339135957e-19,7.88552664796358e-19,1.6392858503232e-18,3.29238632869189e-18,6.3885015127957e-18,1.19762079187556e-17,2.16906099768096e-17,3.79538918980897e-17,6.41612742027881e-17,1.04790462455942e-16,1.6534940887673e-16,2.52066800696216e-16,3.71245129508222e-16,5.28248160104702e-16,7.26185101008766e-16,9.64470144589881e-16,1.23754886315572e-15,1.53415074569379e-15,1.83740895360452e-15,2.12606106426431e-15,2.37671853306714e-15,2.56691734304191e-15,2.67841660441909e-15,2.70007909245412e-15,2.62970454025363e-15,2.47439790504149e-15,2.24938728190776e-15,1.97556372992865e-15,1.6762931332936e-15,1.37417170106461e-15,1.08833889002166e-15,8.32759141376436e-16,6.15611582190024e-16,4.39669427958935e-16,3.03373657530104e-16,1.43666940708018e-16,1.48805783678034e-17,5.96368880341246e-20,1.6223692658645e-27,5.10382906256498e-72,0
0,7.36630174654727e-257,4.7513665394386e-100,3.75924224363036e-72,8.54373178107936e-63,1.16360359581617e-58,1.92818117090263e-57,4.60090612844385e-57,1.06064737229024e-56,2.36227678006545e-56,5.08302978707374e-56,1.05668767334302e-55,2.12228028975287e-55,4.1180437190823e-55,7.71989295133954e-55,1.39818203062409e-54,2.44651716576393e-54,4.13585144669451e-54,6.75481887062233e-54,1.06584633863633e-53,1.62482876980897e-53,2.39305519572707e-53,3.40510057558547e-53,4.68100694366115e-53,6.21699816962273e-53,7.97727027655061e-53,9.88917327446989e-53,1.18439831087386e-52,1.37046416824586e-52,1.53203858643694e-52,1.65464120509844e-52,1.72651390201736e-52,1.74047759485087e-52,1.69511398617162e-52,1.59500294880451e-52,1.4499605501346e-52,1.27345321799967e-52,1.08054265856579e-52,8.85794443527065e-53,7.01545913591876e-53,5.36798581760879e-53,3.96824733366394e-53,2.83411989908403e-53,1.95555402533957e-53,9.26080617865704e-54,9.59205725486615e-55,3.84420840629781e-57,1.04578320141523e-64,3.28963048204202e-109,0
0,0,0,0,0,0,0,0,0,0,0,0,0,0,0,0,0,0,0,0,0,0,0,0,0,0,0,0,0,0,0,0,0,0,0,0,0,0,0,0,0,0,0,0,0,0,0,0,0,0
