0,0,0,0,0,0,0,0,0,0,0,0,0,0,0,0,0,0,0,0,0,0,0,0,0,0,0,0,0,0,0,0,0,0,0,0,0,0,0,0,0,0,0,0,0,0,0,0,0,0
0,2.58686499669274e-154,1.55561941053824e-96,1.38693980941946e-86,2.23307185512691e-83,4.97776645532456e-82,2.24062563275401e-81,4.14797299514984e-81,5.50853575083306e-81,7.14534691804757e-81,9.0531009081849e-81,1.12036181343616e-80,1.35427271733819e-80,1.59897198929712e-80,1.84400662569986e-80,2.07716498662904e-80,2.28542200398112e-80,2.45611507315724e-80,2.57820775978442e-80,2.64346769184801e-80,2.64738435143852e-80,2.58968465176649e-80,2.47436442600189e-80,2.30923078389516e-80,2.10502815239369e-80,1.87428389442179e-80,1.63004552238395e-80,1.38468500066667e-80,1.14891827465689e-80,9.31138281085591e-81,7.37099507609748e-81,5.69934510788925e-81,4.30438078785269e-81,3.17528936068689e-81,2.28793049559126e-81,1.61023492013117e-81,1.10693609512808e-81,7.43263408480011e-82,4.87472197197896e-82,3.12279765141875e-82,1.95400077711435e-82,1.19424247930185e-82,7.12930496807304e-83,1.4017796984424e-83,2.25004476767602e-85,7.15432486682649e-89,7.90458801198608e-97,1.17607991194815e-120,8.70315983189123e-255,0
0,1.55561941053855e-96,9.35476630414703e-39,8.34040621192063e-29,1.34286479093576e-25,2.99339553047056e-24,1.347407278895e-23,2.49439662057917e-23,3.31257531745852e-23,4.29687686638376e-23,5.4441107349406e-23,6.73733103983271e-23,8.14396162516231e-23,9.6154684014751e-23,1.10889919024297e-22,1.24910970468981e-22,1.37434571777434e-22,1.47699253235269e-22,1.55041335386633e-22,1.5896576194845e-22,1.59201291506094e-22,1.55731501899491e-22,1.48796683814417e-22,1.38866320253792e-22,1.26586530714991e-22,1.12710652111726e-22,9.80233007104678e-23,8.32684684849271e-23,6.9090562184874e-23,5.59942937031568e-23,4.43257109668318e-23,3.42731912508987e-23,2.58845293917298e-23,1.90947025448808e-23,1.37585420710212e-23,9.68319839066044e-24,6.65659506007665e-24,4.46963790863774e-24,2.93142940597382e-24,1.87790419984885e-24,1.17504451951407e-24,7.18161475015825e-25,4.28722998925823e-25,8.42964635179584e-26,1.35307150533659e-27,4.30227578414915e-31,4.75344888870401e-39,1.41447871590516e-62,1.17607991194721e-120,0
0,1.38693980941974e-86,8.34040621192058e-29,7.43603565478769e-19,1.19725469134648e-15,2.66881436321984e-14,1.20130462627431e-13,2.22392312035309e-13,2.95338470860273e-13,3.83095604348916e-13,4.85379254979814e-13,6.00678582762834e-13,7.26089203300014e-13,8.57283974597563e-13,9.88658550523298e-13,1.113665697433e-12,1.22532206463147e-12,1.3168386351305e-12,1.38229825816833e-12,1.41728717249822e-12,1.41938707764533e-12,1.38845155895694e-12,1.3266229702482e-12,1.23808706969455e-12,1.12860444916334e-12,1.00489161622958e-12,8.73943955031917e-13,7.42394656691379e-13,6.15989042773183e-13,4.99226960808802e-13,3.95193661873986e-13,3.05568656651867e-13,2.30778068401269e-13,1.70242174531744e-13,1.22666698541279e-13,8.63322561309015e-14,5.93480425164634e-14,3.98498418933501e-14,2.61356737993313e-14,1.67427847692423e-14,1.04763158283482e-14,6.40289479008675e-15,3.82235521341247e-15,7.51559933743375e-16,1.20635481895197e-17,3.83583777860071e-21,8.47604169904655e-29,4.75344888870441e-39,7.90458801198115e-97,0
0,2.23307185512735e-83,1.34286479093576e-25,1.19725469134649e-15,1.92766530784851e-12,4.29698117338612e-11,1.93418603021991e-10,3.5806747832583e-10,4.75516001734726e-10,6.1681125672073e-10,7.81495250030182e-10,9.67135426508835e-10,1.16905552662238e-09,1.38028855117662e-09,1.59181111260067e-09,1.79308170812449e-09,1.97285665560785e-09,2.12020516313279e-09,2.22560020329739e-09,2.28193530918725e-09,2.28531684263619e-09,2.23550905696401e-09,2.13596127845244e-09,1.99341285261431e-09,1.8171387129235e-09,1.61795288063278e-09,1.40711838625246e-09,1.19531510518175e-09,9.91793384542e-10,8.03798277695218e-10,6.36297247518778e-10,4.91994426563268e-10,3.71575916093242e-10,2.7410834422421e-10,1.97507864146595e-10,1.39006179723725e-10,9.55589966336145e-11,6.41648284550869e-11,4.20833943570839e-11,2.69595794206766e-11,1.68695905939497e-11,1.03106399857725e-11,6.15541123553647e-12,1.21068467510015e-12,1.95608360245929e-14,1.23517242090127e-17,3.83583777860076e-21,4.3022757841497e-31,7.15432486682244e-89,0
0,4.97776645532555e-82,2.99339553047056e-24,2.66881436321986e-14,4.29698117338612e-11,9.57845267462362e-10,4.3115286915228e-09,7.98178539344148e-09,1.05998856621511e-08,1.37495802466377e-08,1.74206712443472e-08,2.15589493201505e-08,2.60601946755706e-08,3.07691286831037e-08,3.54846373761618e-08,3.99717689189152e-08,4.39799195417887e-08,4.72654573862986e-08,4.96160352244452e-08,5.08732513135929e-08,5.09503052482947e-08,4.98419149181405e-08,4.76249199590817e-08,4.4449475422097e-08,4.05222373822104e-08,3.6084155597312e-08,3.13861829086541e-08,2.66662774712268e-08,2.21305470568333e-08,1.79404245683439e-08,1.42066057894943e-08,1.0989371212073e-08,8.30405375343401e-09,6.12991860961934e-09,4.42060982300532e-09,3.11452834048966e-09,2.14392593165474e-09,1.44200157696228e-09,9.47761632946597e-10,6.0877766096928e-10,3.8221295038987e-10,2.34593018235955e-10,1.40793306414695e-10,2.8922586870048e-11,8.65928247654048e-13,1.95608360245925e-14,1.20635481895196e-17,1.3530715053367e-27,2.25004476767462e-85,0
0,2.24062563275446e-81,1.347407278895e-23,1.20130462627431e-13,1.9341860302199e-10,4.31152869152278e-09,1.94080469263244e-08,3.59317320396956e-08,4.77189203259772e-08,6.19003564491897e-08,7.84307934549421e-08,9.70670958470673e-08,1.17341262866269e-07,1.38555715524532e-07,1.59806782047703e-07,1.80038629498479e-07,1.98124996337123e-07,2.12970842721098e-07,2.23621550672415e-07,2.29364655231479e-07,2.29809045024597e-07,2.24929369026365e-07,2.1506860999764e-07,2.00898436532011e-07,1.83343675572946e-07,1.63482686556662e-07,1.42438515849875e-07,1.21275978761342e-07,1.00917419856702e-07,8.20855668669373e-08,6.52766822481752e-08,5.07622418836795e-08,3.86135309103048e-08,2.87413551121872e-08,2.09426023088414e-08,1.49463646031606e-08,1.04542372304708e-08,7.17167013907821e-09,4.82936970577328e-09,3.19539897920734e-09,2.07966185297944e-09,1.33289741583835e-09,8.42280050073535e-10,2.42831653590004e-10,2.89225868700481e-11,1.21068467510014e-12,7.51559933743378e-16,8.42964635179673e-26,1.40177969844156e-83,0
0,4.14797299515066e-81,2.49439662057917e-23,2.22392312035311e-13,3.5806747832583e-10,7.98178539344146e-09,3.59317320396956e-08,6.65313523876681e-08,8.83608989465718e-08,1.14627693220959e-07,1.45250260505959e-07,1.79781546034849e-07,2.17359066603305e-07,2.56696206609115e-07,2.96125601911642e-07,3.33698729400071e-07,3.6733677147435e-07,3.95018149491313e-07,4.1497985192852e-07,4.2590481858313e-07,4.27067608839624e-07,4.18415800706885e-07,4.00574256832512e-07,3.74771697014415e-07,3.42701430352802e-07,3.06338091322388e-07,2.67737857273972e-07,2.28850016644686e-07,1.91363233093983e-07,1.56601776821154e-07,1.2547735308717e-07,9.84930120790962e-08,7.57886269026266e-08,5.72135058596164e-08,4.24109808219191e-08,3.09017267408594e-08,2.21561501353464e-08,1.56503678120796e-08,1.09041701740413e-08,7.5023289117668e-09,5.10242250793698e-09,3.43307002672467e-09,2.28633226083066e-09,8.42280050073537e-10,1.40793306414696e-10,6.15541123553644e-12,3.82235521341248e-15,4.28722998925872e-25,7.1293049680688e-83,0
0,5.50853575083416e-81,3.31257531745852e-23,2.95338470860274e-13,4.75516001734726e-10,1.0599885662151e-08,4.77189203259772e-08,8.83608989465718e-08,1.17355286449118e-07,1.52245032144534e-07,1.92923186360899e-07,2.38797722769995e-07,2.88725389873193e-07,3.41000163517248e-07,3.93410809798231e-07,4.43373003298059e-07,4.88129434091197e-07,5.24998500109291e-07,5.51641219639045e-07,5.66309562338804e-07,5.68039377927452e-07,5.56758052969152e-07,5.33289904331553e-07,4.9925865119086e-07,4.56902768160824e-07,4.08832747635773e-07,3.57766725246029e-07,3.06281385021118e-07,2.56609005152365e-07,2.10500756801962e-07,1.69163568110906e-07,1.33265754318165e-07,1.02997382714497e-07,7.81662090164169e-08,5.83091333070122e-08,4.280172209785e-08,3.09531318293447e-08,2.20793240961805e-08,1.55525769637745e-08,1.08291852165612e-08,7.45959297506687e-09,5.08610028030826e-09,3.43307002672468e-09,1.33289741583835e-09,2.34593018235957e-10,1.03106399857725e-11,6.40289479008681e-15,7.18161475015906e-25,1.19424247930114e-82,0
0,7.14534691804899e-81,4.29687686638376e-23,3.83095604348918e-13,6.1681125672073e-10,1.37495802466376e-08,6.19003564491898e-08,1.14627693220959e-07,1.52245032144534e-07,1.97513839473481e-07,2.50297430466006e-07,3.09830588434432e-07,3.74633843366333e-07,4.42498511917196e-07,5.10561280915129e-07,5.75475358558946e-07,6.33669645394284e-07,6.81670745282317e-07,7.16448447903522e-07,7.35737004069003e-07,7.38284531018994e-07,7.23991935772278e-07,6.9391946642555e-07,6.50160178749933e-07,5.95600916918147e-07,5.33608492548562e-07,4.67688288323533e-07,4.01163018417173e-07,3.36911444789578e-07,2.77192863338574e-07,2.2356657555782e-07,1.76899907904906e-07,1.37446464363944e-07,1.04969762449255e-07,7.88863707210947e-08,5.84061306749032e-08,4.2653307921282e-08,3.07597221244972e-08,2.19274907010558e-08,1.54639839478642e-08,1.07945435486352e-08,7.45959297506686e-09,5.10242250793698e-09,2.07966185297945e-09,3.82212950389872e-10,1.68695905939496e-11,1.04763158283483e-14,1.1750445195142e-24,1.95400077711319e-82,0
0,9.0531009081867e-81,5.4441107349406e-23,4.85379254979815e-13,7.81495250030181e-10,1.74206712443472e-08,7.84307934549422e-08,1.45250260505959e-07,1.92923186360899e-07,2.50297430466006e-07,3.17203080989625e-07,3.92674968892038e-07,4.74844191530504e-07,5.60919188338155e-07,6.47280103812982e-07,7.2969527558729e-07,8.03648969234653e-07,8.64748439913258e-07,9.09160472496348e-07,9.34017084534569e-07,9.37730161839669e-07,9.20166318390589e-07,8.82654485959606e-07,8.27825555920933e-07,7.59310332687107e-07,6.81343593359939e-07,5.98333993684325e-07,5.14460050908354e-07,4.3334225809642e-07,3.57823597036784e-07,2.89869695609297e-07,2.30580133040139e-07,1.80287506543206e-07,1.38712787514622e-07,1.0514437987346e-07,7.86128336954989e-08,5.80411817399327e-08,4.23599929390492e-08,3.05845037952183e-08,2.18573464717232e-08,1.54639839478642e-08,1.08291852165612e-08,7.5023289117668e-09,3.19539897920734e-09,6.08777660969285e-10,2.69595794206765e-11,1.67427847692423e-14,1.87790419984905e-24,3.12279765141689e-82,0
0,1.12036181343638e-80,6.73733103983271e-23,6.00678582762836e-13,9.67135426508835e-10,2.15589493201505e-08,9.70670958470674e-08,1.79781546034849e-07,2.38797722769995e-07,3.09830588434432e-07,3.92674968892038e-07,4.86143222025279e-07,5.8793119930773e-07,6.94594872776365e-07,8.01666904672011e-07,9.03924000391616e-07,9.95791507077097e-07,1.07184572852394e-06,1.12735231553236e-06,1.15876623344647e-06,1.16411901628747e-06,1.14323336085852e-06,1.09773140964786e-06,1.03083623588016e-06,9.46999279089209e-07,8.51412955653257e-07,7.49482226682471e-07,6.46329277663831e-07,5.46392676160727e-07,4.53160254330308e-07,3.6904896183063e-07,2.95420643587508e-07,2.32704516245676e-07,1.80587415195702e-07,1.38231803499741e-07,1.04487388406819e-07,7.80722350164651e-08,5.77105585030686e-08,4.22244868248404e-08,3.05845037952183e-08,2.19274907010559e-08,1.55525769637745e-08,1.09041701740413e-08,4.82936970577328e-09,9.47761632946603e-10,4.20833943570837e-11,2.61356737993315e-14,2.93142940597415e-24,4.87472197197606e-82,0
0,1.35427271733846e-80,8.14396162516231e-23,7.26089203300017e-13,1.16905552662238e-09,2.60601946755706e-08,1.17341262866269e-07,2.17359066603305e-07,2.88725389873193e-07,3.74633843366333e-07,4.74844191530503e-07,5.8793119930773e-07,7.11122923006313e-07,8.40272528571422e-07,9.69998880473738e-07,1.0940088580602e-06,1.20558492055644e-06,1.29819009723039e-06,1.36611596659836e-06,1.40508379375191e-06,1.41270940129884e-06,1.38875981787967e-06,1.33516159854873e-06,1.25576076521778e-06,1.15587433570047e-06,1.04170514741088e-06,9.19708935861209e-07,7.96002719450973e-07,6.75887787020526e-07,5.63533684080223e-07,4.61838184571664e-07,3.72449087445085e-07,2.95912076459573e-07,2.31897617656799e-07,1.7945902021245e-07,1.37281221681741e-07,1.0389219103952e-07,7.78224883932802e-08,5.77105585030686e-08,4.23599929390491e-08,3.07597221244972e-08,2.20793240961805e-08,1.56503678120796e-08,7.17167013907822e-09,1.44200157696228e-09,6.41648284550865e-11,3.98498418933503e-14,4.46963790863821e-24,7.43263408479569e-82,0
0,1.59897198929744e-80,9.6154684014751e-23,8.57283974597567e-13,1.38028855117662e-09,3.07691286831036e-08,1.38555715524532e-07,2.56696206609115e-07,3.41000163517248e-07,4.42498511917196e-07,5.60919188338155e-07,6.94594872776365e-07,8.40272528571422e-07,9.93080234580745e-07,1.14669270252322e-06,1.2937105583535e-06,1.42623376050356e-06,1.53657262909509e-06,1.61800871093814e-06,1.66549974755293e-06,1.6762237247353e-06,1.64987780019515e-06,1.58868560767858e-06,1.49711367534298e-06,1.38134471897603e-06,1.24859264616276e-06,1.10636396792961e-06,9.61769888576131e-07,8.20974300354881e-07,6.88830905951854e-07,5.68725638297746e-07,4.6260645337887e-07,3.71157627150558e-07,2.94063078830369e-07,2.30302921983291e-07,1.78436757736593e-07,1.36842070406841e-07,1.0389219103952e-07,7.8072235016465e-08,5.80411817399327e-08,4.2653307921282e-08,3.09531318293447e-08,2.21561501353464e-08,1.04542372304708e-08,2.14392593165475e-09,9.55589966336139e-11,5.93480425164636e-14,6.65659506007735e-24,1.10693609512742e-81,0
0,1.84400662570023e-80,1.10889919024297e-22,9.88658550523303e-13,1.59181111260067e-09,3.54846373761618e-08,1.59806782047703e-07,2.96125601911641e-07,3.93410809798231e-07,5.10561280915129e-07,6.47280103812982e-07,8.0166690467201e-07,9.69998880473738e-07,1.14669270252322e-06,1.32449470884112e-06,1.49491645630871e-06,1.64889274910622e-06,1.77759686601528e-06,1.87331192111527e-06,1.93023690128886e-06,1.94510708089847e-06,1.91753280333395e-06,1.85000423918859e-06,1.74756413408047e-06,1.61720445533567e-06,1.46708502704762e-06,1.30569440325428e-06,1.14107196158242e-06,9.80187593839438e-07,8.28538109052779e-07,6.8997677763627e-07,5.66753592707894e-07,4.59715870994448e-07,3.68605278971276e-07,2.92387990831632e-07,2.29566201982091e-07,1.78436757736593e-07,1.37281221681741e-07,1.04487388406819e-07,7.86128336954989e-08,5.84061306749032e-08,4.280172209785e-08,3.09017267408594e-08,1.49463646031607e-08,3.11452834048968e-09,1.39006179723724e-10,8.63322561309021e-14,9.68319839066152e-24,1.61023492013021e-81,0
0,2.07716498662946e-80,1.24910970468981e-22,1.113665697433e-12,1.79308170812449e-09,3.99717689189152e-08,1.80038629498479e-07,3.3369872940007e-07,4.43373003298059e-07,5.75475358558946e-07,7.2969527558729e-07,9.03924000391615e-07,1.0940088580602e-06,1.2937105583535e-06,1.49491645630871e-06,1.68812854431458e-06,1.86320004565788e-06,2.01024695159402e-06,2.12062088615623e-06,2.18780716589512e-06,2.20811370332536e-06,2.18104416273271e-06,2.10929811212035e-06,1.99840209015541e-06,1.85603574523774e-06,1.69116389780052e-06,1.51310928243094e-06,1.33069819570893e-06,1.15158489727872e-06,9.81818137996923e-07,8.2566516854517e-07,6.85665478681126e-07,5.62856185259864e-07,4.57097165710552e-07,3.67426141167782e-07,2.92387990831631e-07,2.30302921983291e-07,1.7945902021245e-07,1.38231803499741e-07,1.0514437987346e-07,7.88863707210946e-08,5.83091333070121e-08,4.2410980821919e-08,2.09426023088414e-08,4.42060982300535e-09,1.97507864146593e-10,1.22666698541279e-13,1.37585420710227e-23,2.2879304955899e-81,0
0,2.28542200398157e-80,1.37434571777434e-22,1.22532206463147e-12,1.97285665560785e-09,4.39799195417886e-08,1.98124996337123e-07,3.6733677147435e-07,4.88129434091197e-07,6.33669645394284e-07,8.03648969234653e-07,9.95791507077097e-07,1.20558492055644e-06,1.42623376050356e-06,1.64889274910622e-06,1.86320004565788e-06,2.05808125601055e-06,2.22274296689459e-06,2.34773111532749e-06,2.42590535656679e-06,2.45318321814768e-06,2.42893892488998e-06,2.35599633838568e-06,2.24022261450095e-06,2.08979480424351e-06,1.91426186135543e-06,1.72354935568561e-06,1.52704987612111e-06,1.33291181500184e-06,1.14759179803175e-06,9.75683277158579e-07,8.19987297916964e-07,6.81759683982057e-07,5.61055654871848e-07,4.57097165710552e-07,3.68605278971276e-07,2.94063078830369e-07,2.31897617656799e-07,1.80587415195702e-07,1.38712787514622e-07,1.04969762449255e-07,7.81662090164168e-08,5.72135058596164e-08,2.87413551121873e-08,6.12991860961938e-09,2.74108344224208e-10,1.70242174531745e-13,1.90947025448828e-23,3.175289360685e-81,0
0,2.45611507315773e-80,1.47699253235269e-22,1.31683863513051e-12,2.12020516313279e-09,4.72654573862986e-08,2.12970842721098e-07,3.95018149491313e-07,5.24998500109291e-07,6.81670745282316e-07,8.64748439913257e-07,1.07184572852394e-06,1.29819009723039e-06,1.53657262909509e-06,1.77759686601528e-06,2.01024695159402e-06,2.22274296689459e-06,2.40359593570176e-06,2.54272892663734e-06,2.63250558030242e-06,2.66851110963645e-06,2.64996499296169e-06,2.57970358837059e-06,2.46374287288311e-06,2.31050114357351e-06,2.12981396602276e-06,1.93189835802861e-06,1.72641648372285e-06,1.5217548590322e-06,1.32458315597797e-06,1.13970012715662e-06,9.70125437817993e-07,8.17364226364493e-07,6.81759683982057e-07,5.62856185259864e-07,4.59715870994448e-07,3.71157627150559e-07,2.95912076459573e-07,2.32704516245676e-07,1.80287506543206e-07,1.37446464363944e-07,1.02997382714497e-07,7.57886269026266e-08,3.86135309103048e-08,8.30405375343405e-09,3.71575916093241e-10,2.3077806840127e-13,2.58845293917325e-23,4.30438078785013e-81,0
0,2.57820775978493e-80,1.55041335386633e-22,1.38229825816834e-12,2.22560020329739e-09,4.96160352244451e-08,2.23621550672416e-07,4.1497985192852e-07,5.51641219639045e-07,7.16448447903522e-07,9.09160472496348e-07,1.12735231553236e-06,1.36611596659836e-06,1.61800871093814e-06,1.87331192111527e-06,2.12062088615623e-06,2.34773111532749e-06,2.54272892663734e-06,2.69514667681374e-06,2.79701776953427e-06,2.84367167522249e-06,2.83414606048513e-06,2.77115556523856e-06,2.66063205166721e-06,2.51092306704006e-06,2.33178827599497e-06,2.13335691610768e-06,1.92519953634652e-06,1.71562902271885e-06,1.51129017244181e-06,1.31703785870116e-06,1.13605432070391e-06,9.70125437817992e-07,8.19987297916964e-07,6.85665478681126e-07,5.66753592707894e-07,4.6260645337887e-07,3.72449087445085e-07,2.95420643587508e-07,2.30580133040138e-07,1.76899907904906e-07,1.33265754318165e-07,9.84930120790961e-08,5.07622418836795e-08,1.0989371212073e-08,4.91994426563265e-10,3.05568656651868e-13,3.42731912509021e-23,5.69934510788586e-81,0
0,2.64346769184853e-80,1.5896576194845e-22,1.41728717249823e-12,2.28193530918725e-09,5.08732513135928e-08,2.29364655231479e-07,4.25904818583129e-07,5.66309562338804e-07,7.35737004069002e-07,9.34017084534569e-07,1.15876623344647e-06,1.40508379375191e-06,1.66549974755293e-06,1.93023690128886e-06,2.18780716589512e-06,2.42590535656679e-06,2.63250558030242e-06,2.79701776953427e-06,2.91133751919524e-06,2.970629151217e-06,2.97372101496963e-06,2.92305669598108e-06,2.82422265233035e-06,2.68514501369977e-06,2.51509999292914e-06,2.32370284344808e-06,2.12002670016205e-06,1.91196047247742e-06,1.70585618895246e-06,1.506455680165e-06,1.31703785870116e-06,1.13970012715662e-06,9.75683277158579e-07,8.2566516854517e-07,6.89976777636269e-07,5.68725638297746e-07,4.61838184571664e-07,3.6904896183063e-07,2.89869695609297e-07,2.2356657555782e-07,1.69163568110906e-07,1.2547735308717e-07,6.52766822481752e-08,1.42066057894943e-08,6.36297247518773e-10,3.95193661873989e-13,4.43257109668364e-23,7.37099507609309e-81,0
0,2.64738435143905e-80,1.59201291506094e-22,1.41938707764533e-12,2.28531684263619e-09,5.09503052482946e-08,2.29809045024598e-07,4.27067608839624e-07,5.68039377927451e-07,7.38284531018993e-07,9.37730161839668e-07,1.16411901628747e-06,1.41270940129884e-06,1.6762237247353e-06,1.94510708089847e-06,2.20811370332536e-06,2.45318321814768e-06,2.66851110963645e-06,2.84367167522249e-06,2.970629151217e-06,3.04448141391818e-06,3.06382142854525e-06,3.03066719080603e-06,2.94998743139138e-06,2.82892075274923e-06,2.67583432322654e-06,2.4993844669534e-06,2.30772338273431e-06,2.10795027323838e-06,1.90584426904653e-06,1.70585618895246e-06,1.51129017244181e-06,1.32458315597797e-06,1.14759179803175e-06,9.81818137996924e-07,8.28538109052779e-07,6.88830905951855e-07,5.63533684080224e-07,4.53160254330308e-07,3.57823597036784e-07,2.77192863338574e-07,2.10500756801962e-07,1.56601776821154e-07,8.20855668669375e-08,1.7940424568344e-08,8.03798277695214e-10,4.99226960808805e-13,5.59942937031627e-23,9.31138281085037e-81,0
0,2.589684651767e-80,1.55731501899491e-22,1.38845155895695e-12,2.235509056964e-09,4.98419149181404e-08,2.24929369026365e-07,4.18415800706885e-07,5.56758052969152e-07,7.23991935772278e-07,9.20166318390589e-07,1.14323336085852e-06,1.38875981787967e-06,1.64987780019515e-06,1.91753280333395e-06,2.18104416273271e-06,2.42893892488998e-06,2.64996499296169e-06,2.83414606048513e-06,2.97372101496963e-06,3.06382142854525e-06,3.10278263755512e-06,3.09204905900826e-06,3.03570871215594e-06,2.9397584047528e-06,2.81124432727981e-06,2.65743335187811e-06,2.48514708311903e-06,2.30034116648341e-06,2.10795027323838e-06,1.91196047247742e-06,1.71562902271885e-06,1.5217548590322e-06,1.33291181500184e-06,1.15158489727872e-06,9.80187593839437e-07,8.2097430035488e-07,6.75887787020526e-07,5.46392676160726e-07,4.33342258096419e-07,3.36911444789577e-07,2.56609005152364e-07,1.91363233093983e-07,1.00917419856702e-07,2.21305470568334e-08,9.91793384541994e-10,6.15989042773187e-13,6.90905621848813e-23,1.14891827465621e-80,0
0,2.47436442600238e-80,1.48796683814417e-22,1.32662297024821e-12,2.13596127845244e-09,4.76249199590817e-08,2.15068609997641e-07,4.00574256832512e-07,5.33289904331553e-07,6.93919466425549e-07,8.82654485959606e-07,1.09773140964786e-06,1.33516159854873e-06,1.58868560767858e-06,1.85000423918859e-06,2.10929811212035e-06,2.35599633838568e-06,2.57970358837059e-06,2.77115556523856e-06,2.92305669598108e-06,3.03066719080603e-06,3.09204905900826e-06,3.10794412310484e-06,3.08132743631392e-06,3.01674017839792e-06,2.9195425006112e-06,2.79523047864272e-06,2.64893244235719e-06,2.48514708311903e-06,2.30772338273431e-06,2.12002670016205e-06,1.92519953634652e-06,1.72641648372285e-06,1.52704987612111e-06,1.33069819570893e-06,1.14107196158242e-06,9.61769888576132e-07,7.96002719450973e-07,6.46329277663831e-07,5.14460050908354e-07,4.01163018417173e-07,3.06281385021118e-07,2.28850016644686e-07,1.21275978761342e-07,2.6666277471227e-08,1.19531510518174e-09,7.42394656691382e-13,8.32684684849359e-23,1.38468500066585e-80,0
0,2.30923078389562e-80,1.38866320253792e-22,1.23808706969456e-12,1.99341285261431e-09,4.44494754220969e-08,2.00898436532011e-07,3.74771697014414e-07,4.9925865119086e-07,6.50160178749933e-07,8.27825555920932e-07,1.03083623588016e-06,1.25576076521778e-06,1.49711367534298e-06,1.74756413408047e-06,1.99840209015541e-06,2.24022261450095e-06,2.46374287288311e-06,2.66063205166721e-06,2.82422265233035e-06,2.94998743139138e-06,3.03570871215594e-06,3.08132743631392e-06,3.08852422857377e-06,3.06013800116146e-06,2.99955575222568e-06,2.9102031256001e-06,2.79523047864272e-06,2.65743335187811e-06,2.4993844669534e-06,2.32370284344808e-06,2.13335691610768e-06,1.93189835802861e-06,1.72354935568561e-06,1.51310928243094e-06,1.30569440325428e-06,1.10636396792961e-06,9.19708935861209e-07,7.49482226682471e-07,5.98333993684325e-07,4.67688288323533e-07,3.57766725246028e-07,2.67737857273972e-07,1.42438515849875e-07,3.13861829086543e-08,1.40711838625245e-09,8.73943955031922e-13,9.80233007104782e-23,1.63004552238298e-80,0
0,2.10502815239411e-80,1.26586530714991e-22,1.12860444916335e-12,1.8171387129235e-09,4.05222373822103e-08,1.83343675572946e-07,3.42701430352802e-07,4.56902768160824e-07,5.95600916918147e-07,7.59310332687107e-07,9.46999279089209e-07,1.15587433570046e-06,1.38134471897603e-06,1.61720445533567e-06,1.85603574523774e-06,2.08979480424351e-06,2.31050114357351e-06,2.51092306704006e-06,2.68514501369977e-06,2.82892075274923e-06,2.9397584047528e-06,3.01674017839792e-06,3.06013800116146e-06,3.07093089489287e-06,3.05034887277146e-06,2.99955575222567e-06,2.9195425006112e-06,2.81124432727981e-06,2.67583432322654e-06,2.51509999292914e-06,2.33178827599497e-06,2.12981396602276e-06,1.91426186135543e-06,1.69116389780052e-06,1.46708502704762e-06,1.24859264616276e-06,1.04170514741088e-06,8.51412955653257e-07,6.81343593359939e-07,5.33608492548562e-07,4.08832747635773e-07,3.06338091322388e-07,1.63482686556662e-07,3.60841555973122e-08,1.61795288063277e-09,1.00489161622958e-12,1.12710652111738e-22,1.87428389442067e-80,0
0,1.87428389442216e-80,1.12710652111726e-22,1.00489161622958e-12,1.61795288063278e-09,3.60841555973119e-08,1.63482686556662e-07,3.06338091322388e-07,4.08832747635773e-07,5.33608492548562e-07,6.81343593359939e-07,8.51412955653257e-07,1.04170514741088e-06,1.24859264616276e-06,1.46708502704762e-06,1.69116389780052e-06,1.91426186135543e-06,2.12981396602276e-06,2.33178827599497e-06,2.51509999292914e-06,2.67583432322654e-06,2.81124432727981e-06,2.9195425006112e-06,2.99955575222567e-06,3.05034887277146e-06,3.07093089489287e-06,3.06013800116146e-06,3.01674017839792e-06,2.9397584047528e-06,2.82892075274923e-06,2.68514501369977e-06,2.51092306704006e-06,2.31050114357351e-06,2.08979480424351e-06,1.85603574523774e-06,1.61720445533567e-06,1.38134471897603e-06,1.15587433570047e-06,9.46999279089209e-07,7.59310332687107e-07,5.95600916918147e-07,4.56902768160824e-07,3.42701430352802e-07,1.83343675572946e-07,4.05222373822106e-08,1.81713871292349e-09,1.12860444916335e-12,1.26586530715004e-22,2.10502815239244e-80,0
0,1.63004552238427e-80,9.80233007104678e-23,8.73943955031922e-13,1.40711838625246e-09,3.1386182908654e-08,1.42438515849875e-07,2.67737857273971e-07,3.57766725246028e-07,4.67688288323533e-07,5.98333993684325e-07,7.49482226682471e-07,9.19708935861209e-07,1.10636396792961e-06,1.30569440325428e-06,1.51310928243094e-06,1.72354935568561e-06,1.93189835802861e-06,2.13335691610768e-06,2.32370284344808e-06,2.4993844669534e-06,2.65743335187811e-06,2.79523047864272e-06,2.9102031256001e-06,2.99955575222567e-06,3.06013800116146e-06,3.08852422857377e-06,3.08132743631392e-06,3.03570871215594e-06,2.94998743139138e-06,2.82422265233035e-06,2.66063205166721e-06,2.46374287288311e-06,2.24022261450095e-06,1.99840209015541e-06,1.74756413408047e-06,1.49711367534298e-06,1.25576076521778e-06,1.03083623588016e-06,8.27825555920933e-07,6.50160178749933e-07,4.99258651190859e-07,3.74771697014414e-07,2.00898436532011e-07,4.44494754220973e-08,1.9934128526143e-09,1.23808706969456e-12,1.38866320253807e-22,2.30923078389378e-80,0
0,1.38468500066694e-80,8.32684684849271e-23,7.42394656691382e-13,1.19531510518175e-09,2.66662774712268e-08,1.21275978761342e-07,2.28850016644686e-07,3.06281385021119e-07,4.01163018417173e-07,5.14460050908354e-07,6.46329277663832e-07,7.96002719450974e-07,9.61769888576132e-07,1.14107196158242e-06,1.33069819570893e-06,1.52704987612111e-06,1.72641648372285e-06,1.92519953634652e-06,2.12002670016205e-06,2.30772338273431e-06,2.48514708311903e-06,2.64893244235719e-06,2.79523047864272e-06,2.9195425006112e-06,3.01674017839792e-06,3.08132743631392e-06,3.10794412310484e-06,3.09204905900826e-06,3.03066719080603e-06,2.92305669598108e-06,2.77115556523856e-06,2.57970358837059e-06,2.35599633838568e-06,2.10929811212035e-06,1.85000423918859e-06,1.58868560767858e-06,1.33516159854873e-06,1.09773140964786e-06,8.82654485959606e-07,6.9391946642555e-07,5.33289904331553e-07,4.00574256832512e-07,2.1506860999764e-07,4.7624919959082e-08,2.13596127845243e-09,1.32662297024821e-12,1.48796683814433e-22,2.47436442600042e-80,0
0,1.14891827465712e-80,6.9090562184874e-23,6.15989042773187e-13,9.91793384542e-10,2.21305470568332e-08,1.00917419856702e-07,1.91363233093983e-07,2.56609005152365e-07,3.36911444789577e-07,4.33342258096419e-07,5.46392676160727e-07,6.75887787020526e-07,8.20974300354881e-07,9.80187593839437e-07,1.15158489727872e-06,1.33291181500184e-06,1.5217548590322e-06,1.71562902271885e-06,1.91196047247742e-06,2.10795027323838e-06,2.30034116648341e-06,2.48514708311903e-06,2.65743335187811e-06,2.81124432727981e-06,2.9397584047528e-06,3.03570871215594e-06,3.09204905900826e-06,3.10278263755512e-06,3.06382142854525e-06,2.97372101496963e-06,2.83414606048513e-06,2.64996499296169e-06,2.42893892488998e-06,2.18104416273271e-06,1.91753280333395e-06,1.64987780019515e-06,1.38875981787967e-06,1.14323336085852e-06,9.20166318390589e-07,7.23991935772278e-07,5.56758052969151e-07,4.18415800706885e-07,2.24929369026365e-07,4.98419149181407e-08,2.23550905696399e-09,1.38845155895695e-12,1.55731501899508e-22,2.58968465176494e-80,0
0,9.31138281085776e-81,5.59942937031568e-23,4.99226960808805e-13,8.03798277695217e-10,1.79404245683439e-08,8.20855668669374e-08,1.56601776821154e-07,2.10500756801962e-07,2.77192863338574e-07,3.57823597036784e-07,4.53160254330308e-07,5.63533684080223e-07,6.88830905951854e-07,8.28538109052779e-07,9.81818137996923e-07,1.14759179803175e-06,1.32458315597797e-06,1.51129017244181e-06,1.70585618895246e-06,1.90584426904653e-06,2.10795027323838e-06,2.30772338273431e-06,2.4993844669534e-06,2.67583432322654e-06,2.82892075274923e-06,2.94998743139138e-06,3.03066719080603e-06,3.06382142854525e-06,3.04448141391818e-06,2.970629151217e-06,2.84367167522249e-06,2.66851110963645e-06,2.45318321814768e-06,2.20811370332536e-06,1.94510708089847e-06,1.6762237247353e-06,1.41270940129884e-06,1.16411901628747e-06,9.37730161839668e-07,7.38284531018994e-07,5.68039377927451e-07,4.27067608839624e-07,2.29809045024598e-07,5.0950305248295e-08,2.28531684263618e-09,1.41938707764533e-12,1.59201291506111e-22,2.64738435143695e-80,0
0,7.37099507609894e-81,4.43257109668318e-23,3.95193661873989e-13,6.36297247518778e-10,1.42066057894942e-08,6.52766822481753e-08,1.2547735308717e-07,1.69163568110906e-07,2.2356657555782e-07,2.89869695609297e-07,3.6904896183063e-07,4.61838184571664e-07,5.68725638297746e-07,6.8997677763627e-07,8.2566516854517e-07,9.7568327715858e-07,1.13970012715662e-06,1.31703785870116e-06,1.506455680165e-06,1.70585618895246e-06,1.91196047247742e-06,2.12002670016205e-06,2.32370284344808e-06,2.51509999292914e-06,2.68514501369977e-06,2.82422265233035e-06,2.92305669598108e-06,2.97372101496963e-06,2.970629151217e-06,2.91133751919524e-06,2.79701776953427e-06,2.63250558030242e-06,2.42590535656679e-06,2.18780716589513e-06,1.93023690128886e-06,1.66549974755293e-06,1.40508379375191e-06,1.15876623344647e-06,9.34017084534569e-07,7.35737004069003e-07,5.66309562338803e-07,4.25904818583129e-07,2.29364655231479e-07,5.08732513135931e-08,2.28193530918724e-09,1.41728717249823e-12,1.58965761948467e-22,2.64346769184644e-80,0
0,5.69934510789038e-81,3.42731912508985e-23,3.05568656651868e-13,4.91994426563266e-10,1.09893712120729e-08,5.07622418836794e-08,9.8493012079096e-08,1.33265754318165e-07,1.76899907904906e-07,2.30580133040138e-07,2.95420643587508e-07,3.72449087445084e-07,4.6260645337887e-07,5.66753592707894e-07,6.85665478681125e-07,8.19987297916963e-07,9.70125437817992e-07,1.13605432070391e-06,1.31703785870116e-06,1.51129017244181e-06,1.71562902271885e-06,1.92519953634652e-06,2.13335691610768e-06,2.33178827599497e-06,2.51092306704006e-06,2.66063205166721e-06,2.77115556523855e-06,2.83414606048513e-06,2.84367167522249e-06,2.79701776953427e-06,2.69514667681374e-06,2.54272892663734e-06,2.34773111532749e-06,2.12062088615624e-06,1.87331192111527e-06,1.61800871093814e-06,1.36611596659836e-06,1.12735231553235e-06,9.09160472496348e-07,7.16448447903522e-07,5.51641219639044e-07,4.1497985192852e-07,2.23621550672416e-07,4.96160352244455e-08,2.22560020329738e-09,1.38229825816834e-12,1.55041335386649e-22,2.57820775978289e-80,0
0,4.30438078785355e-81,2.58845293917298e-23,2.3077806840127e-13,3.71575916093242e-10,8.30405375343399e-09,3.86135309103048e-08,7.57886269026266e-08,1.02997382714497e-07,1.37446464363944e-07,1.80287506543206e-07,2.32704516245676e-07,2.95912076459573e-07,3.71157627150559e-07,4.59715870994448e-07,5.62856185259864e-07,6.81759683982057e-07,8.17364226364493e-07,9.70125437817992e-07,1.13970012715662e-06,1.32458315597797e-06,1.5217548590322e-06,1.72641648372285e-06,1.93189835802861e-06,2.12981396602276e-06,2.31050114357351e-06,2.46374287288311e-06,2.57970358837059e-06,2.64996499296169e-06,2.66851110963645e-06,2.63250558030242e-06,2.54272892663734e-06,2.40359593570176e-06,2.22274296689459e-06,2.01024695159402e-06,1.77759686601528e-06,1.53657262909509e-06,1.29819009723039e-06,1.07184572852394e-06,8.64748439913257e-07,6.81670745282317e-07,5.24998500109291e-07,3.95018149491313e-07,2.12970842721098e-07,4.72654573862989e-08,2.12020516313277e-09,1.31683863513051e-12,1.47699253235285e-22,2.45611507315578e-80,0
0,3.17528936068752e-81,1.90947025448808e-23,1.70242174531745e-13,2.7410834422421e-10,6.12991860961933e-09,2.87413551121873e-08,5.72135058596164e-08,7.81662090164168e-08,1.04969762449255e-07,1.38712787514622e-07,1.80587415195702e-07,2.31897617656799e-07,2.94063078830369e-07,3.68605278971276e-07,4.57097165710552e-07,5.61055654871848e-07,6.81759683982057e-07,8.19987297916964e-07,9.75683277158579e-07,1.14759179803175e-06,1.33291181500184e-06,1.52704987612111e-06,1.72354935568561e-06,1.91426186135543e-06,2.08979480424351e-06,2.24022261450095e-06,2.35599633838568e-06,2.42893892488998e-06,2.45318321814768e-06,2.42590535656679e-06,2.34773111532749e-06,2.22274296689459e-06,2.05808125601055e-06,1.86320004565788e-06,1.64889274910622e-06,1.42623376050356e-06,1.20558492055644e-06,9.95791507077097e-07,8.03648969234653e-07,6.33669645394284e-07,4.88129434091197e-07,3.6733677147435e-07,1.98124996337123e-07,4.39799195417889e-08,1.97285665560784e-09,1.22532206463147e-12,1.37434571777448e-22,2.28542200397976e-80,0
0,2.28793049559171e-81,1.37585420710212e-23,1.22666698541279e-13,1.97507864146595e-10,4.42060982300532e-09,2.09426023088414e-08,4.2410980821919e-08,5.83091333070122e-08,7.88863707210946e-08,1.0514437987346e-07,1.38231803499741e-07,1.7945902021245e-07,2.30302921983291e-07,2.92387990831632e-07,3.67426141167782e-07,4.57097165710552e-07,5.62856185259864e-07,6.85665478681126e-07,8.25665168545171e-07,9.81818137996924e-07,1.15158489727872e-06,1.33069819570893e-06,1.51310928243094e-06,1.69116389780052e-06,1.85603574523774e-06,1.99840209015541e-06,2.10929811212035e-06,2.18104416273271e-06,2.20811370332536e-06,2.18780716589513e-06,2.12062088615624e-06,2.01024695159402e-06,1.86320004565788e-06,1.68812854431458e-06,1.49491645630871e-06,1.2937105583535e-06,1.0940088580602e-06,9.03924000391616e-07,7.2969527558729e-07,5.75475358558946e-07,4.43373003298059e-07,3.33698729400071e-07,1.80038629498479e-07,3.99717689189155e-08,1.79308170812448e-09,1.113665697433e-12,1.24910970468995e-22,2.07716498662781e-80,0
0,1.61023492013149e-81,9.6831983906605e-24,8.63322561309021e-14,1.39006179723725e-10,3.11452834048965e-09,1.49463646031607e-08,3.09017267408594e-08,4.280172209785e-08,5.84061306749032e-08,7.86128336954989e-08,1.04487388406819e-07,1.37281221681741e-07,1.78436757736593e-07,2.29566201982091e-07,2.92387990831632e-07,3.68605278971276e-07,4.59715870994448e-07,5.66753592707894e-07,6.8997677763627e-07,8.28538109052779e-07,9.80187593839437e-07,1.14107196158242e-06,1.30569440325428e-06,1.46708502704762e-06,1.61720445533567e-06,1.74756413408047e-06,1.85000423918859e-06,1.91753280333395e-06,1.94510708089847e-06,1.93023690128886e-06,1.87331192111527e-06,1.77759686601528e-06,1.64889274910622e-06,1.49491645630871e-06,1.32449470884112e-06,1.14669270252322e-06,9.69998880473738e-07,8.0166690467201e-07,6.47280103812982e-07,5.1056128091513e-07,3.93410809798231e-07,2.96125601911641e-07,1.59806782047703e-07,3.54846373761621e-08,1.59181111260066e-09,9.88658550523303e-13,1.10889919024309e-22,1.84400662569876e-80,0
0,1.1069360951283e-81,6.65659506007665e-24,5.93480425164636e-14,9.55589966336143e-11,2.14392593165473e-09,1.04542372304708e-08,2.21561501353464e-08,3.09531318293447e-08,4.2653307921282e-08,5.80411817399327e-08,7.8072235016465e-08,1.0389219103952e-07,1.36842070406841e-07,1.78436757736593e-07,2.30302921983291e-07,2.94063078830369e-07,3.71157627150558e-07,4.6260645337887e-07,5.68725638297746e-07,6.88830905951854e-07,8.2097430035488e-07,9.61769888576131e-07,1.10636396792961e-06,1.24859264616276e-06,1.38134471897603e-06,1.49711367534298e-06,1.58868560767858e-06,1.64987780019515e-06,1.6762237247353e-06,1.66549974755293e-06,1.61800871093814e-06,1.53657262909509e-06,1.42623376050356e-06,1.2937105583535e-06,1.14669270252322e-06,9.93080234580745e-07,8.40272528571422e-07,6.94594872776365e-07,5.60919188338155e-07,4.42498511917196e-07,3.41000163517248e-07,2.56696206609115e-07,1.38555715524532e-07,3.07691286831038e-08,1.38028855117661e-09,8.57283974597567e-13,9.61546840147611e-23,1.59897198929617e-80,0
0,7.43263408480159e-82,4.46963790863774e-24,3.98498418933503e-14,6.41648284550868e-11,1.44200157696227e-09,7.17167013907822e-09,1.56503678120796e-08,2.20793240961805e-08,3.07597221244972e-08,4.23599929390491e-08,5.77105585030686e-08,7.78224883932801e-08,1.0389219103952e-07,1.37281221681741e-07,1.7945902021245e-07,2.31897617656799e-07,2.95912076459573e-07,3.72449087445085e-07,4.61838184571664e-07,5.63533684080223e-07,6.75887787020526e-07,7.96002719450973e-07,9.19708935861209e-07,1.04170514741088e-06,1.15587433570047e-06,1.25576076521778e-06,1.33516159854873e-06,1.38875981787967e-06,1.41270940129884e-06,1.40508379375191e-06,1.36611596659836e-06,1.29819009723039e-06,1.20558492055644e-06,1.0940088580602e-06,9.69998880473739e-07,8.40272528571423e-07,7.11122923006314e-07,5.8793119930773e-07,4.74844191530504e-07,3.74633843366333e-07,2.88725389873192e-07,2.17359066603305e-07,1.17341262866269e-07,2.60601946755708e-08,1.16905552662238e-09,7.26089203300017e-13,8.14396162516317e-23,1.35427271733739e-80,0
0,4.87472197197993e-82,2.93142940597384e-24,2.61356737993316e-14,4.2083394357084e-11,9.47761632946598e-10,4.8293697057733e-09,1.09041701740413e-08,1.55525769637746e-08,2.19274907010559e-08,3.05845037952184e-08,4.22244868248404e-08,5.77105585030687e-08,7.80722350164652e-08,1.04487388406819e-07,1.38231803499742e-07,1.80587415195703e-07,2.32704516245676e-07,2.95420643587508e-07,3.69048961830631e-07,4.53160254330308e-07,5.46392676160727e-07,6.46329277663832e-07,7.49482226682472e-07,8.51412955653258e-07,9.4699927908921e-07,1.03083623588017e-06,1.09773140964786e-06,1.14323336085853e-06,1.16411901628747e-06,1.15876623344647e-06,1.12735231553236e-06,1.07184572852394e-06,9.95791507077098e-07,9.03924000391617e-07,8.01666904672011e-07,6.94594872776366e-07,5.8793119930773e-07,4.86143222025279e-07,3.92674968892039e-07,3.09830588434433e-07,2.38797722769995e-07,1.79781546034849e-07,9.70670958470675e-08,2.15589493201506e-08,9.67135426508831e-10,6.00678582762839e-13,6.73733103983342e-23,1.12036181343549e-80,0
0,3.12279765141937e-82,1.87790419984885e-24,1.67427847692423e-14,2.69595794206765e-11,6.0877766096928e-10,3.19539897920734e-09,7.5023289117668e-09,1.08291852165612e-08,1.54639839478642e-08,2.18573464717232e-08,3.05845037952183e-08,4.23599929390491e-08,5.80411817399327e-08,7.86128336954989e-08,1.0514437987346e-07,1.38712787514622e-07,1.80287506543206e-07,2.30580133040138e-07,2.89869695609297e-07,3.57823597036784e-07,4.33342258096419e-07,5.14460050908354e-07,5.98333993684325e-07,6.81343593359939e-07,7.59310332687107e-07,8.27825555920933e-07,8.82654485959606e-07,9.20166318390589e-07,9.37730161839668e-07,9.34017084534569e-07,9.09160472496348e-07,8.64748439913257e-07,8.03648969234653e-07,7.2969527558729e-07,6.47280103812982e-07,5.60919188338155e-07,4.74844191530503e-07,3.92674968892038e-07,3.17203080989625e-07,2.50297430466006e-07,1.92923186360899e-07,1.45250260505959e-07,7.84307934549422e-08,1.74206712443473e-08,7.81495250030177e-10,4.85379254979815e-13,5.44411073494118e-23,9.05310090817951e-81,0
