0,0,0,0,0,0,0,0,0,0,0,0,0,0,0,0,0,0,0,0,0,0,0,0,0,0,0,0,0,0,0,0,0,0,0,0,0,0,0,0,0,0,0,0,0,0,0,0,0,0
0,3.34965314657366e-154,2.01432446611588e-96,1.79590635872647e-86,2.89153712142286e-83,6.44555904204277e-82,2.90131827932228e-81,5.37108461897375e-81,7.13283612958955e-81,9.25229334270786e-81,1.1722586212308e-80,1.45072258446927e-80,1.7536067304431e-80,2.07046040751126e-80,2.38774833784193e-80,2.68965803870936e-80,2.95932374386245e-80,3.18034903006593e-80,3.3384431526649e-80,3.42294626243728e-80,3.42801782633342e-80,3.35330423253947e-80,3.20397956442205e-80,2.99015301197542e-80,2.72573720828192e-80,2.42695345622795e-80,2.11069658451024e-80,1.79298667515451e-80,1.48769948133295e-80,1.20570276265644e-80,9.54447830929727e-81,7.37990938779038e-81,5.57361233327089e-81,4.1115860363407e-81,2.96257191368415e-81,2.08504443557462e-81,1.43333802840115e-81,9.62429279506143e-82,6.31212986103923e-82,4.04361611160796e-82,2.53017643357212e-82,1.54638842138159e-82,9.23152110748182e-83,1.81512208162812e-83,2.91351483189445e-85,9.26391861670355e-89,1.02354116432658e-96,1.52287026292981e-120,1.12694581098545e-254,0
0,2.0143244661181e-96,1.21132035982525e-38,1.0799739432544e-28,1.73883495200942e-25,3.87605722385786e-24,1.74471688210833e-23,3.22991864654878e-23,4.28935346435491e-23,5.56389573260185e-23,7.04941412748471e-23,8.72396593789273e-23,1.05453692860527e-22,1.24507788492809e-22,1.43587998081755e-22,1.61743433000077e-22,1.77959865084049e-22,1.9125129025999e-22,2.00758330098616e-22,2.05839951210692e-22,2.06144931302379e-22,2.01652005815908e-22,1.92672319883603e-22,1.79813792828661e-22,1.63913065221895e-22,1.4594561021968e-22,1.26927403665053e-22,1.07821818234574e-22,8.94632767140483e-23,7.25053152494093e-23,5.73960208220851e-23,4.43793174608719e-23,3.35170932520248e-23,2.47251520833491e-23,1.78155194798967e-23,1.25384803612199e-23,8.61942336262219e-24,5.78759877451976e-24,3.79581916575794e-24,2.43164128009268e-24,1.52152956462161e-24,9.29925546021629e-25,5.55140428354698e-25,1.09152937872227e-25,1.75205131739859e-27,5.57088662772148e-31,6.15509701800304e-39,1.83156565477871e-62,1.52287026293085e-120,0
0,1.79590635872825e-86,1.07997394325429e-28,9.62869738503041e-19,1.55028884354006e-15,3.45576689962767e-14,1.55553298163451e-13,2.87969070181443e-13,3.82424842226285e-13,4.96058896844597e-13,6.28502898606071e-13,7.77800506560031e-13,9.40190921302584e-13,1.11007105770417e-12,1.2801840176738e-12,1.44205198663446e-12,1.58663243524671e-12,1.70513447100331e-12,1.78989615457104e-12,1.83520224017276e-12,1.83792134375663e-12,1.79786387742272e-12,1.71780391024966e-12,1.60316145374217e-12,1.4613957238621e-12,1.30120372287336e-12,1.13164356185692e-12,9.61304359123459e-13,7.97625557583064e-13,6.46433873536028e-13,5.11724305170147e-13,3.95671600008634e-13,2.98827532155119e-13,2.20441436382879e-13,1.5883739324384e-13,1.11789024077122e-13,7.68479830266849e-14,5.16003535009049e-14,3.38422925400587e-14,2.1679724978448e-14,1.35654641134248e-14,8.29091456577933e-15,4.94945201403731e-15,9.73172198827374e-16,1.56207232319854e-17,4.9669101794089e-21,1.09753697173952e-28,6.15509701800287e-39,1.02354116432745e-96,0
0,2.89153712142573e-83,1.73883495200923e-25,1.55028884354005e-15,2.49607543193324e-12,5.56403079658033e-11,2.50451891786588e-10,4.636507343803e-10,6.15731270666436e-10,7.98690217524766e-10,1.01193453336047e-09,1.25231437616902e-09,1.5137745990899e-09,1.78729384584714e-09,2.06118800512909e-09,2.32180720422558e-09,2.55459233962398e-09,2.74538945988523e-09,2.88186230573216e-09,2.95480892836137e-09,2.95918757362193e-09,2.89469298027673e-09,2.76579157647257e-09,2.5812099366274e-09,2.35295789122515e-09,2.09503818890662e-09,1.82203498680296e-09,1.54777733215154e-09,1.28424321931291e-09,1.04081404848468e-09,8.23922036917817e-10,6.37068683963241e-10,4.81142401371324e-10,3.54934594153994e-10,2.55746952182356e-10,1.7999489262093e-10,1.23736450942084e-10,8.30850932726018e-11,5.44925129478595e-11,3.49091429789282e-11,2.18439220008201e-11,1.33509354820104e-11,7.97045560549965e-12,1.56767892280449e-12,2.53287342103768e-14,1.5993873632836e-17,4.96691017940955e-21,5.57088662772257e-31,9.26391861671326e-89,0
0,6.44555904204916e-82,3.87605722385747e-24,3.45576689962769e-14,5.56403079658038e-11,1.24028483055222e-09,5.5828679372752e-09,1.03353721947557e-08,1.37254709491694e-08,1.78039150848917e-08,2.25574996467268e-08,2.79160306082293e-08,3.37445569084239e-08,3.9842012954835e-08,4.59479823624325e-08,5.17582331140114e-08,5.69482659773451e-08,6.12026094367506e-08,6.42463014971699e-08,6.58742325389207e-08,6.59740073455534e-08,6.4538786272255e-08,6.16680666366962e-08,5.7556279667266e-08,5.24710180573782e-08,4.67242803518793e-08,4.06410177853396e-08,3.45293551666046e-08,2.86561752078512e-08,2.32305124863582e-08,1.83957036203006e-08,1.42298039930306e-08,1.07526677349055e-08,7.93744597618886e-09,5.72411379114434e-09,4.03290843130476e-09,2.77610476471181e-09,1.86720417409065e-09,1.22722783757896e-09,7.88287757666385e-10,4.94915974962308e-10,3.03767395168501e-10,1.82308988853776e-10,3.74509818796583e-11,1.12126426511176e-12,2.53287342103766e-14,1.56207232319867e-17,1.75205131739886e-27,2.91351483189734e-85,0
0,2.90131827932516e-81,1.74471688210816e-23,1.55553298163451e-13,2.50451891786589e-10,5.58286793727516e-09,2.51308922339189e-08,4.65269117029416e-08,6.17897848651901e-08,8.01528970468316e-08,1.01557659336832e-07,1.25689242944041e-07,1.51941647857641e-07,1.79411600170733e-07,2.06928962668722e-07,2.33126569254726e-07,2.56546057967348e-07,2.75769494875414e-07,2.89560774067781e-07,2.96997346243737e-07,2.97572773129457e-07,2.91254228449843e-07,2.78485830195437e-07,2.60137301688035e-07,2.37406173330338e-07,2.11688780100508e-07,1.84439320729759e-07,1.57036592315759e-07,1.30674910905332e-07,1.06290114751069e-07,8.45247990791695e-08,6.57304897898077e-08,4.99994918479799e-08,3.72163103646187e-08,2.71179415280293e-08,1.93535949061119e-08,1.35368752056362e-08,9.28637848447959e-09,6.25340458492627e-09,4.13762537238683e-09,2.69289115533465e-09,1.72592849983625e-09,1.09064293019961e-09,3.14435354599096e-10,3.74509818796581e-11,1.56767892280445e-12,9.73172198827441e-16,1.09152937872242e-25,1.81512208162993e-83,0
0,5.37108461897908e-81,3.22991864654844e-23,2.87969070181442e-13,4.636507343803e-10,1.03353721947556e-08,4.65269117029416e-08,8.6149433447811e-08,1.14415852226046e-07,1.48427928698552e-07,1.8808016373728e-07,2.32793679662891e-07,2.81451673092558e-07,3.32388144445362e-07,3.83444074388131e-07,4.32096379351504e-07,4.75653261377699e-07,5.11497039500839e-07,5.37344843489532e-07,5.51491251971457e-07,5.52996913861989e-07,5.41793949512315e-07,5.18691474642191e-07,4.85280521308791e-07,4.43753704187751e-07,3.96667917662819e-07,3.46685643518631e-07,2.96330956322423e-07,2.4779045550927e-07,2.02778898457557e-07,1.62476824700685e-07,1.27535618692087e-07,9.81363978805729e-08,7.40840361495877e-08,5.49166947409221e-08,4.00137101643758e-08,2.86893278588836e-08,2.02651873421173e-08,1.41194797490137e-08,9.71453851594395e-09,6.60697238963095e-09,4.44537841446032e-09,2.96050240789217e-09,1.09064293019961e-09,1.82308988853774e-10,7.97045560549944e-12,4.94945201403766e-15,5.55140428354776e-25,9.23152110749098e-83,0
0,7.13283612959662e-81,4.28935346435446e-23,3.82424842226283e-13,6.15731270666437e-10,1.37254709491693e-08,6.178978486519e-08,1.14415852226046e-07,1.51959806570399e-07,1.9713748171045e-07,2.49810391754768e-07,3.0921193973919e-07,3.73861763919056e-07,4.41550785281602e-07,5.09415744007095e-07,5.74110275372398e-07,6.32064022254142e-07,6.79804659340567e-07,7.1430351004216e-07,7.33297102804853e-07,7.35536988626846e-07,7.20929142569018e-07,6.90540947580622e-07,6.4647490845208e-07,5.9162955817335e-07,5.29385144292694e-07,4.63261298324921e-07,3.96594490390534e-07,3.32275229919724e-07,2.72571055419967e-07,2.19044781591814e-07,1.72561789599712e-07,1.33368191822687e-07,1.01215056959757e-07,7.55027309524986e-08,5.54226537863659e-08,4.00802730567629e-08,2.85898481472792e-08,2.01385609340327e-08,1.4022383998331e-08,9.65920104567722e-09,6.58583723135811e-09,4.44537841446032e-09,1.72592849983625e-09,3.03767395168499e-10,1.33509354820101e-11,8.2909145657799e-15,9.2992554602176e-25,1.54638842138313e-82,0
0,9.25229334271704e-81,5.56389573260126e-23,4.96058896844597e-13,7.98690217524769e-10,1.78039150848915e-08,8.01528970468317e-08,1.48427928698552e-07,1.9713748171045e-07,2.5575468945219e-07,3.24102562990829e-07,4.01190246410438e-07,4.85102018794491e-07,5.7297792296541e-07,6.61110341406194e-07,7.4516561476388e-07,8.20519634498087e-07,8.82674805132981e-07,9.27707399089219e-07,9.52683566355443e-07,9.55982281856609e-07,9.37475233092158e-07,8.98535303215165e-07,8.41872726759965e-07,7.7122559082394e-07,6.90953477815067e-07,6.05595401615749e-07,5.1945384418879e-07,4.36256427219198e-07,3.58928644547152e-07,2.89489588456695e-07,2.29062333712645e-07,1.77975264434175e-07,1.35922166611944e-07,1.02147572542595e-07,7.5628329906824e-08,5.52304767635321e-08,3.98298326869529e-08,2.83932436818802e-08,2.00238445205794e-08,1.39775275515821e-08,9.6592010456772e-09,6.60697238963093e-09,2.69289115533464e-09,4.94915974962303e-10,2.18439220008195e-11,1.35654641134257e-14,1.52152956462182e-24,2.53017643357463e-82,0
0,1.17225862123196e-80,7.04941412748397e-23,6.28502898606071e-13,1.01193453336047e-09,2.25574996467267e-08,1.01557659336832e-07,1.8808016373728e-07,2.49810391754768e-07,3.2410256299083e-07,4.10736663760068e-07,5.08462925901025e-07,6.1486136397731e-07,7.263172707473e-07,8.38143404940985e-07,9.44860315105232e-07,1.04062071348057e-06,1.11973656779618e-06,1.17724436386509e-06,1.20943043806432e-06,1.21423838942413e-06,1.19149550042516e-06,1.14292256457548e-06,1.07192624344468e-06,9.83207955715446e-07,8.82251186015786e-07,7.74764569163109e-07,6.66158740604553e-07,5.6112176717035e-07,4.63334939884531e-07,3.75343490763898e-07,2.98571231650039e-07,2.33448832603237e-07,1.79614987934114e-07,1.36148273426634e-07,1.01793377731632e-07,7.51557685826247e-08,5.48506720754524e-08,3.96029477784802e-08,2.83024160434845e-08,2.00238445205794e-08,1.4022383998331e-08,9.71453851594397e-09,4.13762537238684e-09,7.88287757666381e-10,3.49091429789274e-11,2.16797249784496e-14,2.43164128009304e-24,4.04361611161197e-82,0
0,1.45072258447071e-80,8.72396593789181e-23,7.77800506560028e-13,1.25231437616902e-09,2.79160306082291e-08,1.25689242944041e-07,2.32793679662891e-07,3.09211939739191e-07,4.01190246410437e-07,5.08462925901024e-07,6.29492136398147e-07,7.6129430575112e-07,8.99409866445607e-07,1.03805419810097e-06,1.17046381471197e-06,1.28942026710906e-06,1.38790057532197e-06,1.45977437394151e-06,1.50045130494553e-06,1.50738246134881e-06,1.48033825861105e-06,1.42141915991713e-06,1.33479862518187e-06,1.22624068865527e-06,1.10246885306438e-06,9.70481838873104e-07,8.36912208954176e-07,7.07507330032942e-07,5.867834903482e-07,4.77870324820042e-07,3.82531245202357e-07,3.0132203113051e-07,2.33837175235265e-07,1.78992176298811e-07,1.35297555072055e-07,1.0109337287302e-07,7.47276545654232e-08,5.46752093116749e-08,3.96029477784801e-08,2.83932436818803e-08,2.01385609340327e-08,1.41194797490137e-08,6.25340458492628e-09,1.22722783757895e-09,5.44925129478581e-11,3.3842292540061e-14,3.79581916575847e-24,6.31212986104549e-82,0
0,1.75360673044484e-80,1.05453692860516e-22,9.40190921302581e-13,1.5137745990899e-09,3.37445569084237e-08,1.51941647857641e-07,2.81451673092558e-07,3.73861763919056e-07,4.85102018794491e-07,6.14861363977309e-07,7.6129430575112e-07,9.20811538171896e-07,1.08804345139999e-06,1.25602217599462e-06,1.41659894059574e-06,1.56107540508093e-06,1.68098704400734e-06,1.76894219526299e-06,1.81940045458724e-06,1.82927462287464e-06,1.7982630325668e-06,1.72886032146201e-06,1.62604658686531e-06,1.49670667412913e-06,1.34887244958138e-06,1.19090324963871e-06,1.03071981618592e-06,8.75186627604247e-07,7.29702702109322e-07,5.9802027942527e-07,4.82273044512703e-07,3.83167586746405e-07,3.00277202582962e-07,2.32376050742468e-07,1.7776129668901e-07,1.34526852025412e-07,1.00769983533697e-07,7.47276545654232e-08,5.48506720754524e-08,3.9829832686953e-08,2.85898481472792e-08,2.02651873421173e-08,9.28637848447959e-09,1.86720417409064e-09,8.30850932725997e-11,5.16003535009085e-14,5.78759877452058e-24,9.62429279507098e-82,0
0,2.07046040751332e-80,1.24507788492796e-22,1.11007105770417e-12,1.78729384584714e-09,3.98420129548348e-08,1.79411600170733e-07,3.32388144445362e-07,4.41550785281602e-07,5.7297792296541e-07,7.26317270747299e-07,8.99409866445607e-07,1.08804345139999e-06,1.28590952245859e-06,1.48481765537395e-06,1.67518662476886e-06,1.84678690605269e-06,1.98966136561643e-06,2.09511048187832e-06,2.15660518702687e-06,2.17049134032771e-06,2.13637680047037e-06,2.05714088345466e-06,1.93856716133241e-06,1.78866144554681e-06,1.61676480657204e-06,1.4325971982177e-06,1.24536670358374e-06,1.06305476008775e-06,8.91946280353893e-07,7.3642560639842e-07,5.99015087438352e-07,4.80600771686421e-07,3.80773375709269e-07,2.98212279447268e-07,2.31052354019504e-07,1.77192653001895e-07,1.34526852025412e-07,1.0109337287302e-07,7.51557685826246e-08,5.52304767635323e-08,4.0080273056763e-08,2.86893278588837e-08,1.35368752056362e-08,2.7761047647118e-09,1.23736450942081e-10,7.68479830266902e-14,8.6194233626234e-24,1.43333802840257e-81,0
0,2.38774833784429e-80,1.4358799808174e-22,1.28018401767379e-12,2.06118800512909e-09,4.59479823624322e-08,2.06928962668722e-07,3.8344407438813e-07,5.09415744007095e-07,6.61110341406193e-07,8.38143404940983e-07,1.03805419810097e-06,1.25602217599461e-06,1.48481765537394e-06,1.71504808900346e-06,1.93572204894298e-06,2.13510128764547e-06,2.30175635110351e-06,2.4256948774278e-06,2.49940531040394e-06,2.518660255669e-06,2.48295515867843e-06,2.39551446592399e-06,2.26286787599785e-06,2.09406907565383e-06,1.8996839740078e-06,1.6907041426259e-06,1.47753952814175e-06,1.26921523238858e-06,1.07284890691697e-06,8.93430034897781e-07,7.33872064283282e-07,5.95272159843837e-07,4.77295813321445e-07,3.78604354986141e-07,2.97258323027696e-07,2.31052354019503e-07,1.7776129668901e-07,1.35297555072055e-07,1.01793377731632e-07,7.56283299068241e-08,5.54226537863659e-08,4.00137101643758e-08,1.93535949061119e-08,4.03290843130474e-09,1.79994892620925e-10,1.11789024077129e-13,1.25384803612217e-23,2.08504443557669e-81,0
0,2.68965803871202e-80,1.6174343300006e-22,1.44205198663445e-12,2.32180720422558e-09,5.1758233114011e-08,2.33126569254726e-07,4.32096379351504e-07,5.74110275372398e-07,7.4516561476388e-07,9.44860315105231e-07,1.17046381471197e-06,1.41659894059574e-06,1.67518662476886e-06,1.93572204894298e-06,2.18590653068905e-06,2.41260131611444e-06,2.60300790161172e-06,2.745927767039e-06,2.83292524608084e-06,2.85921956645942e-06,2.82416803808884e-06,2.7312662498258e-06,2.58767034923103e-06,2.40332448045584e-06,2.18983691799885e-06,1.95927938855803e-06,1.72308079628932e-06,1.49115241021323e-06,1.27132657464058e-06,1.06912882325449e-06,8.87847464439185e-07,7.28825429403434e-07,5.9188127767358e-07,4.75768983487353e-07,3.78604354986142e-07,2.98212279447268e-07,2.32376050742468e-07,1.78992176298812e-07,1.36148273426634e-07,1.02147572542595e-07,7.55027309524987e-08,5.49166947409223e-08,2.71179415280294e-08,5.72411379114432e-09,2.5574695218235e-10,1.58837393243851e-13,1.78155194798994e-23,2.96257191368709e-81,0
0,2.95932374386539e-80,1.77959865084031e-22,1.5866324352467e-12,2.55459233962399e-09,5.69482659773448e-08,2.56546057967348e-07,4.75653261377699e-07,6.32064022254142e-07,8.20519634498086e-07,1.04062071348057e-06,1.28942026710905e-06,1.56107540508093e-06,1.84678690605269e-06,2.13510128764547e-06,2.41260131611444e-06,2.66494709384161e-06,2.87816255683942e-06,3.0400059252478e-06,3.14123138288974e-06,3.17655265979943e-06,3.14515945864634e-06,3.05070831229133e-06,2.90079642319135e-06,2.70601200707183e-06,2.47871971496388e-06,2.23177186669028e-06,1.97733064116653e-06,1.725947144877e-06,1.48598186692076e-06,1.26338272912208e-06,1.06177672052014e-06,8.82789969161956e-07,7.26493977129184e-07,5.91881277673579e-07,4.77295813321446e-07,3.80773375709269e-07,3.00277202582962e-07,2.33837175235266e-07,1.79614987934114e-07,1.35922166611944e-07,1.01215056959757e-07,7.40840361495878e-08,3.72163103646187e-08,7.93744597618881e-09,3.54934594153986e-10,2.20441436382894e-13,2.47251520833527e-23,4.11158603634477e-81,0
0,3.18034903006909e-80,1.91251290259969e-22,1.7051344710033e-12,2.74538945988524e-09,6.12026094367502e-08,2.75769494875414e-07,5.11497039500839e-07,6.79804659340568e-07,8.8267480513298e-07,1.11973656779618e-06,1.38790057532197e-06,1.68098704400734e-06,1.98966136561643e-06,2.30175635110351e-06,2.60300790161172e-06,2.87816255683942e-06,3.11234358940446e-06,3.2925026860234e-06,3.40875175616136e-06,3.45537422574594e-06,3.43135942089308e-06,3.34038005580365e-06,3.1902260369399e-06,2.99179796225324e-06,2.75783160776551e-06,2.5015566804226e-06,2.2354844239609e-06,1.97047428388631e-06,1.71516261652254e-06,1.47576318128685e-06,1.25618605126717e-06,1.05838018460093e-06,8.82789969161957e-07,7.28825429403434e-07,5.95272159843839e-07,4.80600771686421e-07,3.83167586746406e-07,3.0132203113051e-07,2.33448832603237e-07,1.77975264434175e-07,1.33368191822687e-07,9.81363978805732e-08,4.999949184798e-08,1.07526677349055e-08,4.81142401371312e-10,2.98827532155139e-13,3.35170932520297e-23,5.57361233327642e-81,0
0,3.33844315266821e-80,2.00758330098595e-22,1.78989615457103e-12,2.88186230573217e-09,6.42463014971696e-08,2.89560774067781e-07,5.37344843489532e-07,7.1430351004216e-07,9.27707399089218e-07,1.17724436386509e-06,1.45977437394151e-06,1.76894219526299e-06,2.09511048187832e-06,2.4256948774278e-06,2.745927767039e-06,3.0400059252478e-06,3.2925026860234e-06,3.48986381508293e-06,3.6217736080997e-06,3.68218433776213e-06,3.66984990770149e-06,3.58828542293843e-06,3.4451718721819e-06,3.25131824160298e-06,3.01936202539074e-06,2.76241926653984e-06,2.49288257908587e-06,2.22151606738188e-06,1.95692387812094e-06,1.7053924395719e-06,1.47104233691663e-06,1.25618605126717e-06,1.06177672052014e-06,8.87847464439184e-07,7.33872064283283e-07,5.99015087438352e-07,4.82273044512703e-07,3.82531245202357e-07,2.98571231650038e-07,2.29062333712645e-07,1.72561789599712e-07,1.27535618692087e-07,6.57304897898077e-08,1.42298039930306e-08,6.37068683963226e-10,3.95671600008661e-13,4.43793174608784e-23,7.3799093877977e-81,0
0,3.42294626244067e-80,2.0583995121067e-22,1.83520224017275e-12,2.95480892836138e-09,6.58742325389203e-08,2.96997346243737e-07,5.51491251971457e-07,7.33297102804853e-07,9.52683566355442e-07,1.20943043806432e-06,1.50045130494553e-06,1.81940045458724e-06,2.15660518702686e-06,2.49940531040394e-06,2.83292524608084e-06,3.14123138288974e-06,3.40875175616136e-06,3.6217736080997e-06,3.76980279000783e-06,3.84657772879319e-06,3.85058128953603e-06,3.78497759713774e-06,3.65700038699094e-06,3.47691296439551e-06,3.25672681644752e-06,3.00889244363571e-06,2.74515837358878e-06,2.47573971619836e-06,2.20886152088704e-06,1.95066384047391e-06,1.7053924395719e-06,1.47576318128684e-06,1.26338272912208e-06,1.06912882325449e-06,8.93430034897781e-07,7.3642560639842e-07,5.98020279425269e-07,4.77870324820041e-07,3.75343490763897e-07,2.89489588456695e-07,2.19044781591814e-07,1.62476824700685e-07,8.45247990791694e-08,1.83957036203005e-08,8.23922036917796e-10,5.11724305170183e-13,5.73960208220932e-23,9.54447830930674e-81,0
0,3.42801782633682e-80,2.06144931302357e-22,1.83792134375662e-12,2.95918757362193e-09,6.59740073455529e-08,2.97572773129457e-07,5.52996913861989e-07,7.35536988626846e-07,9.55982281856607e-07,1.21423838942413e-06,1.50738246134881e-06,1.82927462287464e-06,2.17049134032771e-06,2.518660255669e-06,2.85921956645942e-06,3.17655265979943e-06,3.45537422574594e-06,3.68218433776213e-06,3.84657772879319e-06,3.94220678730794e-06,3.96724958657777e-06,3.92431916813407e-06,3.81984939088111e-06,3.66308381495148e-06,3.46485683325598e-06,3.23637725777246e-06,2.98820112386107e-06,2.72952097407394e-06,2.46782002959178e-06,2.20886152088704e-06,1.95692387812094e-06,1.71516261652254e-06,1.48598186692076e-06,1.27132657464058e-06,1.07284890691697e-06,8.91946280353892e-07,7.29702702109322e-07,5.867834903482e-07,4.6333493988453e-07,3.58928644547152e-07,2.72571055419967e-07,2.02778898457557e-07,1.06290114751069e-07,2.3230512486358e-08,1.04081404848465e-09,6.46433873536073e-13,7.25053152494195e-23,1.20570276265764e-80,0
0,3.3533042325428e-80,2.01652005815886e-22,1.79786387742271e-12,2.89469298027674e-09,6.45387862722546e-08,2.91254228449843e-07,5.41793949512316e-07,7.20929142569018e-07,9.37475233092157e-07,1.19149550042516e-06,1.48033825861105e-06,1.7982630325668e-06,2.13637680047037e-06,2.48295515867843e-06,2.82416803808884e-06,3.14515945864634e-06,3.43135942089308e-06,3.66984990770149e-06,3.85058128953603e-06,3.96724958657777e-06,4.01769927626819e-06,4.0038006904512e-06,3.93084728145842e-06,3.80660413405089e-06,3.64019514690368e-06,3.44102997269075e-06,3.2179417005939e-06,2.97864211559232e-06,2.72952097407394e-06,2.47573971619836e-06,2.22151606738188e-06,1.9704742838863e-06,1.725947144877e-06,1.49115241021323e-06,1.26921523238858e-06,1.06305476008775e-06,8.75186627604246e-07,7.07507330032941e-07,5.61121767170349e-07,4.36256427219198e-07,3.32275229919724e-07,2.4779045550927e-07,1.30674910905331e-07,2.8656175207851e-08,1.28424321931288e-09,7.97625557583119e-13,8.94632767140608e-23,1.48769948133442e-80,0
0,3.20397956442522e-80,1.92672319883582e-22,1.71780391024965e-12,2.76579157647257e-09,6.16680666366958e-08,2.78485830195436e-07,5.18691474642191e-07,6.90540947580622e-07,8.98535303215164e-07,1.14292256457548e-06,1.42141915991713e-06,1.72886032146201e-06,2.05714088345466e-06,2.39551446592399e-06,2.7312662498258e-06,3.05070831229133e-06,3.34038005580365e-06,3.58828542293843e-06,3.78497759713774e-06,3.92431916813407e-06,4.0038006904512e-06,4.02438272760203e-06,3.98991758590561e-06,3.90628550151644e-06,3.78042717197313e-06,3.61945929924849e-06,3.43002240238389e-06,3.2179417005939e-06,2.98820112386107e-06,2.74515837358877e-06,2.49288257908587e-06,2.2354844239609e-06,1.97733064116652e-06,1.72308079628932e-06,1.47753952814175e-06,1.24536670358373e-06,1.03071981618592e-06,8.36912208954175e-07,6.66158740604551e-07,5.1945384418879e-07,3.96594490390533e-07,2.96330956322423e-07,1.57036592315759e-07,3.45293551666043e-08,1.5477773321515e-09,9.61304359123524e-13,1.0782181823459e-22,1.79298667515629e-80,0
0,2.99015301197839e-80,1.79813792828642e-22,1.60316145374216e-12,2.58120993662741e-09,5.75562796672656e-08,2.60137301688034e-07,4.85280521308791e-07,6.4647490845208e-07,8.41872726759964e-07,1.07192624344468e-06,1.33479862518187e-06,1.62604658686531e-06,1.93856716133241e-06,2.26286787599785e-06,2.58767034923103e-06,2.90079642319135e-06,3.1902260369399e-06,3.4451718721819e-06,3.65700038699094e-06,3.81984939088111e-06,3.93084728145842e-06,3.98991758590561e-06,3.9992364942635e-06,3.96248002800318e-06,3.8840339084594e-06,3.76833389809415e-06,3.6194592992485e-06,3.44102997269076e-06,3.23637725777246e-06,3.00889244363571e-06,2.76241926653984e-06,2.5015566804226e-06,2.23177186669028e-06,1.95927938855803e-06,1.6907041426259e-06,1.43259719821771e-06,1.19090324963871e-06,9.70481838873104e-07,7.74764569163108e-07,6.0559540161575e-07,4.63261298324922e-07,3.46685643518631e-07,1.84439320729759e-07,4.06410177853393e-08,1.82203498680291e-09,1.131643561857e-12,1.26927403665071e-22,2.11069658451233e-80,0
0,2.72573720828463e-80,1.63913065221877e-22,1.46139572386209e-12,2.35295789122515e-09,5.24710180573778e-08,2.37406173330338e-07,4.43753704187751e-07,5.91629558173349e-07,7.71225590823939e-07,9.83207955715444e-07,1.22624068865527e-06,1.49670667412913e-06,1.78866144554681e-06,2.09406907565383e-06,2.40332448045584e-06,2.70601200707183e-06,2.99179796225323e-06,3.25131824160298e-06,3.47691296439551e-06,3.66308381495148e-06,3.80660413405089e-06,3.90628550151644e-06,3.96248002800318e-06,3.97645541925639e-06,3.94980438209367e-06,3.8840339084594e-06,3.78042717197313e-06,3.64019514690368e-06,3.46485683325598e-06,3.25672681644752e-06,3.01936202539074e-06,2.75783160776551e-06,2.47871971496388e-06,2.18983691799884e-06,1.8996839740078e-06,1.61676480657204e-06,1.34887244958138e-06,1.10246885306438e-06,8.82251186015785e-07,6.90953477815068e-07,5.29385144292694e-07,3.96667917662819e-07,2.11688780100508e-07,4.67242803518791e-08,2.09503818890657e-09,1.30120372287345e-12,1.459456102197e-22,2.42695345623036e-80,0
0,2.42695345623036e-80,1.45945610219665e-22,1.30120372287336e-12,2.09503818890663e-09,4.6724280351879e-08,2.11688780100508e-07,3.96667917662819e-07,5.29385144292694e-07,6.90953477815067e-07,8.82251186015785e-07,1.10246885306437e-06,1.34887244958138e-06,1.61676480657204e-06,1.8996839740078e-06,2.18983691799885e-06,2.47871971496388e-06,2.7578316077655e-06,3.01936202539074e-06,3.25672681644752e-06,3.46485683325597e-06,3.64019514690368e-06,3.78042717197313e-06,3.8840339084594e-06,3.94980438209367e-06,3.97645541925639e-06,3.96248002800318e-06,3.90628550151644e-06,3.80660413405089e-06,3.66308381495148e-06,3.47691296439551e-06,3.25131824160298e-06,2.99179796225323e-06,2.70601200707183e-06,2.40332448045584e-06,2.09406907565383e-06,1.78866144554681e-06,1.49670667412913e-06,1.22624068865527e-06,9.83207955715444e-07,7.7122559082394e-07,5.91629558173349e-07,4.43753704187751e-07,2.37406173330338e-07,5.24710180573778e-08,2.35295789122509e-09,1.4613957238622e-12,1.63913065221918e-22,2.72573720828463e-80,0
0,2.11069658451233e-80,1.2692740366504e-22,1.13164356185692e-12,1.82203498680296e-09,4.06410177853393e-08,1.84439320729759e-07,3.46685643518631e-07,4.63261298324921e-07,6.05595401615748e-07,7.74764569163107e-07,9.70481838873103e-07,1.19090324963871e-06,1.4325971982177e-06,1.6907041426259e-06,1.95927938855803e-06,2.23177186669028e-06,2.50155668042259e-06,2.76241926653984e-06,3.00889244363571e-06,3.23637725777246e-06,3.44102997269075e-06,3.6194592992485e-06,3.76833389809415e-06,3.8840339084594e-06,3.96248002800318e-06,3.9992364942635e-06,3.98991758590561e-06,3.93084728145842e-06,3.81984939088111e-06,3.65700038699094e-06,3.4451718721819e-06,3.1902260369399e-06,2.90079642319135e-06,2.58767034923103e-06,2.26286787599785e-06,1.93856716133241e-06,1.62604658686531e-06,1.33479862518187e-06,1.07192624344468e-06,8.41872726759966e-07,6.46474908452081e-07,4.85280521308791e-07,2.60137301688034e-07,5.75562796672657e-08,2.58120993662734e-09,1.60316145374227e-12,1.79813792828686e-22,2.99015301197839e-80,0
0,1.79298667515629e-80,1.07821818234563e-22,9.61304359123456e-13,1.54777733215154e-09,3.45293551666043e-08,1.57036592315759e-07,2.96330956322423e-07,3.96594490390533e-07,5.19453844188789e-07,6.66158740604551e-07,8.36912208954174e-07,1.03071981618592e-06,1.24536670358373e-06,1.47753952814175e-06,1.72308079628932e-06,1.97733064116652e-06,2.23548442396089e-06,2.49288257908586e-06,2.74515837358877e-06,2.98820112386107e-06,3.21794170059389e-06,3.43002240238389e-06,3.61945929924849e-06,3.78042717197312e-06,3.90628550151644e-06,3.98991758590561e-06,4.02438272760203e-06,4.0038006904512e-06,3.92431916813407e-06,3.78497759713774e-06,3.58828542293843e-06,3.34038005580365e-06,3.05070831229133e-06,2.7312662498258e-06,2.395514465924e-06,2.05714088345466e-06,1.72886032146201e-06,1.42141915991713e-06,1.14292256457548e-06,8.98535303215166e-07,6.90540947580622e-07,5.18691474642191e-07,2.78485830195437e-07,6.16680666366958e-08,2.7657915764725e-09,1.71780391024978e-12,1.9267231988363e-22,3.20397956442522e-80,0
0,1.48769948133442e-80,8.94632767140389e-23,7.97625557583061e-13,1.28424321931291e-09,2.86561752078509e-08,1.30674910905331e-07,2.4779045550927e-07,3.32275229919724e-07,4.36256427219197e-07,5.61121767170348e-07,7.07507330032941e-07,8.75186627604246e-07,1.06305476008775e-06,1.26921523238858e-06,1.49115241021323e-06,1.725947144877e-06,1.9704742838863e-06,2.22151606738188e-06,2.47573971619836e-06,2.72952097407394e-06,2.97864211559232e-06,3.2179417005939e-06,3.44102997269075e-06,3.64019514690368e-06,3.80660413405089e-06,3.93084728145842e-06,4.0038006904512e-06,4.01769927626819e-06,3.96724958657777e-06,3.85058128953603e-06,3.66984990770149e-06,3.43135942089308e-06,3.14515945864633e-06,2.82416803808884e-06,2.48295515867843e-06,2.13637680047037e-06,1.7982630325668e-06,1.48033825861105e-06,1.19149550042516e-06,9.37475233092159e-07,7.20929142569018e-07,5.41793949512316e-07,2.91254228449843e-07,6.45387862722546e-08,2.89469298027666e-09,1.79786387742284e-12,2.01652005815936e-22,3.3533042325428e-80,0
0,1.20570276265764e-80,7.25053152494017e-23,6.46433873536026e-13,1.04081404848468e-09,2.3230512486358e-08,1.06290114751069e-07,2.02778898457557e-07,2.72571055419967e-07,3.58928644547151e-07,4.63334939884529e-07,5.86783490348199e-07,7.29702702109321e-07,8.91946280353891e-07,1.07284890691697e-06,1.27132657464058e-06,1.48598186692076e-06,1.71516261652253e-06,1.95692387812094e-06,2.20886152088704e-06,2.46782002959178e-06,2.72952097407394e-06,2.98820112386107e-06,3.23637725777246e-06,3.46485683325597e-06,3.66308381495148e-06,3.81984939088111e-06,3.92431916813406e-06,3.96724958657777e-06,3.94220678730794e-06,3.84657772879319e-06,3.68218433776213e-06,3.45537422574594e-06,3.17655265979943e-06,2.85921956645942e-06,2.518660255669e-06,2.17049134032771e-06,1.82927462287464e-06,1.50738246134881e-06,1.21423838942413e-06,9.55982281856609e-07,7.35536988626846e-07,5.52996913861989e-07,2.97572773129457e-07,6.59740073455529e-08,2.95918757362185e-09,1.83792134375675e-12,2.06144931302408e-22,3.42801782633682e-80,0
0,9.54447830930674e-81,5.73960208220791e-23,5.11724305170145e-13,8.23922036917818e-10,1.83957036203004e-08,8.45247990791693e-08,1.62476824700684e-07,2.19044781591814e-07,2.89489588456694e-07,3.75343490763897e-07,4.77870324820041e-07,5.98020279425269e-07,7.36425606398419e-07,8.9343003489778e-07,1.06912882325449e-06,1.26338272912208e-06,1.47576318128684e-06,1.7053924395719e-06,1.95066384047391e-06,2.20886152088704e-06,2.47573971619836e-06,2.74515837358877e-06,3.00889244363571e-06,3.25672681644752e-06,3.47691296439551e-06,3.65700038699094e-06,3.78497759713774e-06,3.85058128953603e-06,3.84657772879319e-06,3.76980279000783e-06,3.6217736080997e-06,3.40875175616136e-06,3.14123138288973e-06,2.83292524608084e-06,2.49940531040394e-06,2.15660518702686e-06,1.81940045458724e-06,1.50045130494553e-06,1.20943043806432e-06,9.52683566355443e-07,7.33297102804853e-07,5.51491251971457e-07,2.96997346243737e-07,6.58742325389203e-08,2.95480892836129e-09,1.83520224017288e-12,2.05839951210721e-22,3.42294626244067e-80,0
0,7.3799093877977e-81,4.43793174608672e-23,3.95671600008633e-13,6.37068683963241e-10,1.42298039930305e-08,6.57304897898075e-08,1.27535618692087e-07,1.72561789599711e-07,2.29062333712644e-07,2.98571231650037e-07,3.82531245202356e-07,4.82273044512702e-07,5.99015087438351e-07,7.33872064283281e-07,8.87847464439183e-07,1.06177672052013e-06,1.25618605126717e-06,1.47104233691663e-06,1.7053924395719e-06,1.95692387812094e-06,2.22151606738188e-06,2.49288257908587e-06,2.76241926653984e-06,3.01936202539073e-06,3.25131824160298e-06,3.4451718721819e-06,3.58828542293843e-06,3.66984990770148e-06,3.68218433776213e-06,3.62177360809969e-06,3.48986381508293e-06,3.2925026860234e-06,3.04000592524779e-06,2.745927767039e-06,2.4256948774278e-06,2.09511048187831e-06,1.76894219526299e-06,1.45977437394151e-06,1.17724436386509e-06,9.27707399089219e-07,7.1430351004216e-07,5.37344843489532e-07,2.89560774067781e-07,6.42463014971695e-08,2.88186230573209e-09,1.78989615457116e-12,2.00758330098644e-22,3.33844315266821e-80,0
0,5.57361233327642e-81,3.35170932520212e-23,2.98827532155118e-13,4.81142401371324e-10,1.07526677349054e-08,4.99994918479798e-08,9.81363978805729e-08,1.33368191822687e-07,1.77975264434175e-07,2.33448832603236e-07,3.0132203113051e-07,3.83167586746405e-07,4.8060077168642e-07,5.95272159843837e-07,7.28825429403433e-07,8.82789969161956e-07,1.05838018460092e-06,1.25618605126717e-06,1.47576318128684e-06,1.71516261652253e-06,1.9704742838863e-06,2.2354844239609e-06,2.50155668042259e-06,2.7578316077655e-06,2.99179796225323e-06,3.1902260369399e-06,3.34038005580364e-06,3.43135942089308e-06,3.45537422574594e-06,3.40875175616136e-06,3.2925026860234e-06,3.11234358940445e-06,2.87816255683942e-06,2.60300790161172e-06,2.30175635110351e-06,1.98966136561643e-06,1.68098704400733e-06,1.38790057532197e-06,1.11973656779618e-06,8.82674805132981e-07,6.79804659340567e-07,5.11497039500839e-07,2.75769494875414e-07,6.12026094367502e-08,2.74538945988516e-09,1.70513447100342e-12,1.91251290260016e-22,3.18034903006909e-80,0
0,4.11158603634477e-81,2.47251520833465e-23,2.20441436382878e-13,3.54934594153995e-10,7.9374459761888e-09,3.72163103646187e-08,7.40840361495877e-08,1.01215056959757e-07,1.35922166611944e-07,1.79614987934114e-07,2.33837175235265e-07,3.00277202582962e-07,3.80773375709268e-07,4.77295813321446e-07,5.91881277673579e-07,7.26493977129184e-07,8.82789969161956e-07,1.06177672052013e-06,1.26338272912208e-06,1.48598186692076e-06,1.725947144877e-06,1.97733064116652e-06,2.23177186669028e-06,2.47871971496388e-06,2.70601200707183e-06,2.90079642319135e-06,3.05070831229133e-06,3.14515945864633e-06,3.17655265979943e-06,3.14123138288973e-06,3.0400059252478e-06,2.87816255683942e-06,2.66494709384161e-06,2.41260131611443e-06,2.13510128764547e-06,1.84678690605269e-06,1.56107540508093e-06,1.28942026710905e-06,1.04062071348057e-06,8.20519634498087e-07,6.32064022254142e-07,4.75653261377699e-07,2.56546057967348e-07,5.69482659773448e-08,2.55459233962391e-09,1.58663243524682e-12,1.77959865084074e-22,2.95932374386539e-80,0
0,2.96257191368709e-81,1.78155194798949e-23,1.5883739324384e-13,2.55746952182356e-10,5.7241137911443e-09,2.71179415280292e-08,5.49166947409221e-08,7.55027309524985e-08,1.02147572542595e-07,1.36148273426634e-07,1.78992176298811e-07,2.32376050742468e-07,2.98212279447267e-07,3.78604354986141e-07,4.75768983487352e-07,5.91881277673579e-07,7.28825429403432e-07,8.87847464439184e-07,1.06912882325449e-06,1.27132657464058e-06,1.49115241021323e-06,1.72308079628932e-06,1.95927938855802e-06,2.18983691799884e-06,2.40332448045584e-06,2.58767034923103e-06,2.7312662498258e-06,2.82416803808884e-06,2.85921956645942e-06,2.83292524608084e-06,2.745927767039e-06,2.60300790161172e-06,2.41260131611443e-06,2.18590653068905e-06,1.93572204894298e-06,1.67518662476886e-06,1.41659894059574e-06,1.17046381471197e-06,9.4486031510523e-07,7.4516561476388e-07,5.74110275372398e-07,4.32096379351504e-07,2.33126569254726e-07,5.1758233114011e-08,2.32180720422552e-09,1.44205198663455e-12,1.61743433000099e-22,2.68965803871202e-80,0
0,2.08504443557669e-81,1.25384803612185e-23,1.11789024077121e-13,1.7999489262093e-10,4.03290843130472e-09,1.93535949061118e-08,4.00137101643757e-08,5.54226537863658e-08,7.56283299068237e-08,1.01793377731632e-07,1.35297555072054e-07,1.77761296689009e-07,2.31052354019503e-07,2.97258323027696e-07,3.78604354986141e-07,4.77295813321445e-07,5.95272159843837e-07,7.33872064283281e-07,8.9343003489778e-07,1.07284890691697e-06,1.26921523238858e-06,1.47753952814175e-06,1.6907041426259e-06,1.8996839740078e-06,2.09406907565383e-06,2.26286787599785e-06,2.39551446592399e-06,2.48295515867842e-06,2.518660255669e-06,2.49940531040394e-06,2.4256948774278e-06,2.30175635110351e-06,2.13510128764547e-06,1.93572204894298e-06,1.71504808900346e-06,1.48481765537394e-06,1.25602217599461e-06,1.03805419810097e-06,8.38143404940983e-07,6.61110341406194e-07,5.09415744007094e-07,3.8344407438813e-07,2.06928962668722e-07,4.59479823624322e-08,2.06118800512903e-09,1.28018401767388e-12,1.43587998081776e-22,2.38774833784429e-80,0
0,1.43333802840257e-81,8.61942336262122e-24,7.68479830266844e-14,1.23736450942084e-10,2.77610476471178e-09,1.35368752056362e-08,2.86893278588835e-08,4.00802730567628e-08,5.52304767635319e-08,7.51557685826243e-08,1.0109337287302e-07,1.34526852025411e-07,1.77192653001894e-07,2.31052354019503e-07,2.98212279447267e-07,3.80773375709268e-07,4.80600771686419e-07,5.99015087438351e-07,7.36425606398419e-07,8.9194628035389e-07,1.06305476008775e-06,1.24536670358373e-06,1.4325971982177e-06,1.61676480657204e-06,1.78866144554681e-06,1.93856716133241e-06,2.05714088345466e-06,2.13637680047037e-06,2.17049134032771e-06,2.15660518702686e-06,2.09511048187831e-06,1.98966136561642e-06,1.84678690605268e-06,1.67518662476885e-06,1.48481765537394e-06,1.28590952245859e-06,1.08804345139999e-06,8.99409866445605e-07,7.26317270747298e-07,5.7297792296541e-07,4.41550785281601e-07,3.32388144445362e-07,1.79411600170733e-07,3.98420129548347e-08,1.78729384584709e-09,1.11007105770424e-12,1.24507788492825e-22,2.07046040751332e-80,0
0,9.62429279507098e-82,5.78759877451911e-24,5.16003535009045e-14,8.30850932726016e-11,1.86720417409063e-09,9.28637848447956e-09,2.02651873421172e-08,2.85898481472791e-08,3.98298326869528e-08,5.48506720754522e-08,7.4727654565423e-08,1.00769983533697e-07,1.34526852025411e-07,1.7776129668901e-07,2.32376050742468e-07,3.00277202582962e-07,3.83167586746404e-07,4.82273044512702e-07,5.98020279425268e-07,7.2970270210932e-07,8.75186627604245e-07,1.03071981618592e-06,1.19090324963871e-06,1.34887244958138e-06,1.49670667412913e-06,1.62604658686531e-06,1.72886032146201e-06,1.7982630325668e-06,1.82927462287464e-06,1.81940045458724e-06,1.76894219526299e-06,1.68098704400733e-06,1.56107540508093e-06,1.41659894059574e-06,1.25602217599461e-06,1.08804345139999e-06,9.20811538171895e-07,7.61294305751119e-07,6.14861363977308e-07,4.85102018794491e-07,3.73861763919055e-07,2.81451673092557e-07,1.51941647857641e-07,3.37445569084236e-08,1.51377459908986e-09,9.40190921302646e-13,1.05453692860542e-22,1.75360673044484e-80,0
0,6.31212986104549e-82,3.79581916575754e-24,3.38422925400586e-14,5.44925129478596e-11,1.22722783757895e-09,6.25340458492627e-09,1.41194797490137e-08,2.01385609340327e-08,2.83932436818802e-08,3.96029477784801e-08,5.46752093116749e-08,7.47276545654232e-08,1.0109337287302e-07,1.35297555072055e-07,1.78992176298812e-07,2.33837175235266e-07,3.0132203113051e-07,3.82531245202357e-07,4.77870324820041e-07,5.86783490348199e-07,7.07507330032942e-07,8.36912208954176e-07,9.70481838873104e-07,1.10246885306438e-06,1.22624068865527e-06,1.33479862518187e-06,1.42141915991713e-06,1.48033825861105e-06,1.50738246134881e-06,1.50045130494553e-06,1.45977437394151e-06,1.38790057532197e-06,1.28942026710905e-06,1.17046381471197e-06,1.03805419810097e-06,8.99409866445607e-07,7.6129430575112e-07,6.29492136398147e-07,5.08462925901024e-07,4.01190246410438e-07,3.09211939739191e-07,2.32793679662891e-07,1.25689242944041e-07,2.79160306082291e-08,1.25231437616899e-09,7.77800506560082e-13,8.72396593789396e-23,1.45072258447071e-80,0
0,4.04361611161186e-82,2.43164128009242e-24,2.16797249784479e-14,3.49091429789282e-11,7.88287757666377e-10,4.13762537238682e-09,9.71453851594392e-09,1.4022383998331e-08,2.00238445205793e-08,2.83024160434844e-08,3.960294777848e-08,5.48506720754522e-08,7.51557685826244e-08,1.01793377731632e-07,1.36148273426634e-07,1.79614987934114e-07,2.33448832603236e-07,2.98571231650037e-07,3.75343490763897e-07,4.63334939884529e-07,5.61121767170348e-07,6.66158740604551e-07,7.74764569163107e-07,8.82251186015784e-07,9.83207955715443e-07,1.07192624344468e-06,1.14292256457548e-06,1.19149550042516e-06,1.21423838942413e-06,1.20943043806432e-06,1.17724436386509e-06,1.11973656779617e-06,1.04062071348057e-06,9.44860315105229e-07,8.38143404940982e-07,7.26317270747298e-07,6.14861363977308e-07,5.08462925901023e-07,4.10736663760067e-07,3.24102562990829e-07,2.49810391754768e-07,1.88080163737279e-07,1.01557659336832e-07,2.25574996467267e-08,1.01193453336044e-09,6.28502898606112e-13,7.04941412748571e-23,1.17225862123196e-80,0
