0,0,0,0,0,0,0,0,0,0,0,0,0,0,0,0,0,0,0,0,0,0,0,0,0,0,0,0,0,0,0,0,0,0,0,0,0,0,0,0,0,0,0,0,0,0,0,0,0,0
0,1.62722533091369e-154,9.78537076084755e-97,8.72431917872026e-87,1.40467751237876e-83,3.13118298706532e-82,1.4094290932748e-81,2.60921491391518e-81,3.46505477536008e-81,4.49466420477362e-81,5.69470580797787e-81,7.04745367440148e-81,8.51883215179807e-81,1.00580731028987e-80,1.15994236094603e-80,1.30660683377452e-80,1.4376075216377e-80,1.54497921916733e-80,1.62177963691356e-80,1.66283033522344e-80,1.66529404620426e-80,1.62899898905496e-80,1.55645867760817e-80,1.4525840472097e-80,1.32413370479008e-80,1.17898778414292e-80,1.02535361062813e-80,8.71013567117888e-81,7.22708344680573e-81,5.85717383591141e-81,4.63660450669211e-81,3.58508029643452e-81,2.7076006907392e-81,1.99736410183672e-81,1.43918544746515e-81,1.01289207365283e-81,6.96300137811017e-82,4.67537752208395e-82,3.06636453162783e-82,1.96434504630298e-82,1.22913239199246e-82,7.51218798065695e-83,4.48457327718784e-83,8.81766708576969e-84,1.41535404682278e-85,4.50031163735762e-89,4.97225246001904e-97,7.39793930625135e-121,5.4745810684046e-255,0
0,9.78537076084422e-97,5.88446351639891e-39,5.24639680675234e-29,8.44707244713831e-26,1.88294674784084e-24,8.47564622846077e-24,1.56905960362894e-23,2.08372159893146e-23,2.70288047104755e-23,3.42452926748054e-23,4.23800845609801e-23,5.12282653613419e-23,6.04845392839811e-23,6.97534990848043e-23,7.85732133358399e-23,8.64509809462229e-23,9.29078117832808e-23,9.75262290851588e-23,9.9994825752888e-23,1.00142981788424e-22,9.7960367099206e-23,9.35981326309448e-23,8.7351599026875e-23,7.96271972427175e-23,7.08988016052239e-23,6.1659962208999e-23,5.23786750983538e-23,4.34602938529991e-23,3.52222992761101e-23,2.78823671850706e-23,2.15589932393138e-23,1.62822420029092e-23,1.20112119136556e-23,8.65458700126685e-24,6.09105837594598e-24,4.18722280182414e-24,2.81155299339029e-24,1.84396796558181e-24,1.18126507835943e-24,7.39142633863499e-25,4.51747789438662e-25,2.69681225997241e-25,5.30253186456362e-26,8.51127612316931e-28,2.70627657241291e-31,2.99007967203207e-39,8.89754818864042e-63,7.39793930623751e-121,0
0,8.72431917871729e-87,5.24639680675242e-29,4.67751722433071e-19,7.53113581035388e-16,1.6787742463909e-14,7.55661126698391e-14,1.39892264964348e-13,1.8577785914286e-13,2.40980055919139e-13,3.05319921918222e-13,3.77847087829753e-13,4.56734597910339e-13,5.39260533903035e-13,6.21899573071187e-13,7.0053328463201e-13,7.707689054686e-13,8.28335914920108e-13,8.69512225587812e-13,8.91521432783222e-13,8.928423439449e-13,8.7338285931812e-13,8.3449059170843e-13,7.78798524182547e-13,7.09930263314284e-13,6.32110718898056e-13,5.49740223492546e-13,4.66991278032566e-13,3.87477883556872e-13,3.14030595930505e-13,2.48590142137328e-13,1.92212991042405e-13,1.45167188547529e-13,1.07088069590824e-13,7.71614906000608e-14,5.43059008609818e-14,3.73319203926002e-14,2.50668945788324e-14,1.64402203057151e-14,1.05317763089221e-14,6.58995599396793e-15,4.02763677537309e-15,2.4043903469903e-15,4.72756546418398e-16,7.58837868222028e-18,2.41287133522431e-21,5.3317161027739e-29,2.99007967203169e-39,4.97225246000748e-97,0
0,1.40467751237829e-83,8.44707244713844e-26,7.53113581035386e-16,1.21256649359944e-12,2.70294608366995e-11,1.21666824789745e-10,2.25236520519289e-10,2.99115602966079e-10,3.87995083860944e-10,4.91586870000452e-10,6.08360802149047e-10,7.35375355341998e-10,8.68248052108019e-10,1.00130287733045e-09,1.12790887023042e-09,1.24099337552259e-09,1.33368055642436e-09,1.39997759137894e-09,1.43541427301516e-09,1.43754137160457e-09,1.40621059453421e-09,1.34359168437178e-09,1.25392391674485e-09,1.14304153762702e-09,1.01774693111413e-09,8.85124923268848e-10,7.51893515920751e-10,6.23871489398467e-10,5.05616226622857e-10,4.0025242928294e-10,3.0948108795615e-10,2.3373378347824e-10,1.72423393453744e-10,1.24239107956893e-10,8.74395753505441e-11,6.01098318303127e-11,4.03618412052203e-11,2.64718744102343e-11,1.69584847296605e-11,1.06115414494823e-11,6.48574030118762e-12,3.87196127260676e-12,7.61561493773648e-13,1.23044255938217e-14,7.76965111788311e-18,2.41287133522428e-21,2.70627657241235e-31,4.50031163734677e-89,0
0,3.13118298706425e-82,1.88294674784088e-24,1.6787742463909e-14,2.70294608366996e-11,6.02516978776751e-10,2.71209696322655e-09,5.02081221661384e-09,6.66768558710788e-09,8.64894971147119e-09,1.09581897650495e-08,1.35613062477115e-08,1.63927413911619e-08,1.93548197015707e-08,2.23210337109211e-08,2.51435907901833e-08,2.76648527161036e-08,2.97315668326492e-08,3.12101595715075e-08,3.20009908940964e-08,3.20494604178457e-08,3.1352245517156e-08,2.99576809146349e-08,2.79602192016737e-08,2.54898540194156e-08,2.26981508921606e-08,1.97429676210202e-08,1.67739879111712e-08,1.39208605025382e-08,1.12851321357242e-08,8.9364341921695e-09,6.91268513430808e-09,5.22352988429356e-09,3.8559255511072e-09,2.78071267394204e-09,1.95914337082648e-09,1.34860171986234e-09,9.07067626741459e-10,5.96174032572483e-10,3.82941681181718e-10,2.40424836809357e-10,1.47566920661538e-10,8.85637383141374e-11,1.8193282622273e-11,5.44698073203622e-13,1.23044255938217e-14,7.58837868222002e-18,8.51127612316734e-28,1.41535404681933e-85,0
0,1.40942909327432e-81,8.47564622846095e-24,7.55661126698391e-14,1.21666824789746e-10,2.71209696322654e-09,1.2208316097846e-08,2.26022713335835e-08,3.00168103157915e-08,3.89374119389647e-08,4.93356143427331e-08,6.10584770997018e-08,7.3811611947867e-08,8.7156218176306e-08,1.00523855760659e-07,1.1325037017296e-07,1.24627304918943e-07,1.33965843004906e-07,1.40665497525998e-07,1.44278103993109e-07,1.44557640161052e-07,1.41488159379826e-07,1.35285409373895e-07,1.26371892342201e-07,1.15329355624109e-07,1.02836123675161e-07,8.95986305373518e-08,7.62866809532454e-08,6.34804607628281e-08,5.16345900845489e-08,4.10612347409087e-08,3.19311622186316e-08,2.42892132730548e-08,1.80792817341192e-08,1.31736031898722e-08,9.40176743603947e-09,6.57606781125137e-09,4.51122239861215e-09,3.0378364265738e-09,2.01001373012889e-09,1.30817744692117e-09,8.38437429604798e-10,5.29822559335431e-10,1.5274930016623e-10,1.8193282622273e-11,7.61561493773639e-13,4.72756546418376e-16,5.30253186456232e-26,8.8176670857482e-84,0
0,2.60921491391429e-81,1.56905960362895e-23,1.39892264964347e-13,2.25236520519289e-10,5.02081221661381e-09,2.26022713335835e-08,4.18504645752968e-08,5.55819856127006e-08,7.21046851195662e-08,9.13673127586082e-08,1.13088656003603e-07,1.36726183829795e-07,1.6147057162931e-07,1.86272991121982e-07,2.0990775555267e-07,2.31067218538018e-07,2.48479738929066e-07,2.61036323016568e-07,2.67908495512039e-07,2.6863992980116e-07,2.63197650683464e-07,2.51974717839227e-07,2.35744037462746e-07,2.15570758088811e-07,1.92696991401124e-07,1.68416142302664e-07,1.43954378964642e-07,1.20373927782933e-07,9.85077993769597e-08,7.89294871052397e-08,6.19554265019647e-08,4.767360246816e-08,3.59892248432669e-08,2.66779373452252e-08,1.94382283520746e-08,1.39369657024459e-08,9.84460919858297e-09,6.85909080778446e-09,4.71921791886374e-09,3.20959584847089e-09,2.15951683502206e-09,1.43818010389621e-09,5.2982255933543e-10,8.85637383141368e-11,3.8719612726067e-12,2.40439034699018e-15,2.69681225997175e-25,4.48457327717691e-83,0
0,3.4650547753589e-81,2.08372159893149e-23,1.85777859142859e-13,2.99115602966079e-10,6.66768558710784e-09,3.00168103157915e-08,5.55819856127006e-08,7.38204332544571e-08,9.57672600340941e-08,1.21355191000848e-07,1.50211821626815e-07,1.81618008160563e-07,2.14500603870097e-07,2.47468668050876e-07,2.78896572852586e-07,3.07049877335423e-07,3.30241763355172e-07,3.4700093252661e-07,3.56227814808479e-07,3.57315927155763e-07,3.50219593268264e-07,3.35457336257723e-07,3.1405053024965e-07,2.8740725127382e-07,2.57169587091147e-07,2.25047336688501e-07,1.92661321225075e-07,1.61415718971944e-07,1.32412075652419e-07,1.06409589773625e-07,8.38286541613473e-08,6.47888275519304e-08,4.91691818071797e-08,3.66784114602438e-08,2.69237267864375e-08,1.94705638864872e-08,1.3888639532675e-08,9.78309545677696e-09,6.81192274048868e-09,4.69233557331136e-09,3.19932861678762e-09,2.15951683502206e-09,8.38437429604795e-10,1.47566920661537e-10,6.48574030118751e-12,4.0276367753729e-15,4.51747789438551e-25,7.51218798063864e-83,0
0,4.49466420477209e-81,2.70288047104759e-23,2.40980055919138e-13,3.87995083860944e-10,8.64894971147115e-09,3.89374119389647e-08,7.21046851195663e-08,9.57672600340942e-08,1.24242866639036e-07,1.57445525621797e-07,1.94893889877128e-07,2.3565732286867e-07,2.78346488279783e-07,3.21160265553497e-07,3.61993409768587e-07,3.98599578924685e-07,4.28793889702167e-07,4.50670237609213e-07,4.62803389988387e-07,4.64405870361159e-07,4.55415345900204e-07,4.36498748417658e-07,4.08972680586696e-07,3.74653064757441e-07,3.35657738991345e-07,2.94191707222731e-07,2.52345068733323e-07,2.11928661888913e-07,1.74363660009206e-07,1.40630916324755e-07,1.11276008429971e-07,8.64584617842402e-08,6.60295209281529e-08,4.96221878085381e-08,3.67394260761075e-08,2.68303692637654e-08,1.93489026589493e-08,1.37931312062098e-08,9.72736746176537e-09,6.79013196299301e-09,4.69233557331136e-09,3.20959584847089e-09,1.30817744692117e-09,2.40424836809356e-10,1.06115414494822e-11,6.58995599396761e-15,7.39142633863318e-25,1.22913239198946e-82,0
0,5.69470580797593e-81,3.42452926748059e-23,3.05319921918222e-13,4.91586870000454e-10,1.09581897650494e-08,4.93356143427331e-08,9.13673127586083e-08,1.21355191000848e-07,1.57445525621797e-07,1.99531436348675e-07,2.47005799302947e-07,2.98693011689271e-07,3.52837087759264e-07,4.07161016314177e-07,4.59002939002149e-07,5.05522306565388e-07,5.43955934342933e-07,5.71892600736025e-07,5.87528248054691e-07,5.89863898911703e-07,5.78815649001064e-07,5.55219441228827e-07,5.20730195002258e-07,4.77631808754104e-07,4.28588100109038e-07,3.76372262222691e-07,3.23612723374254e-07,2.72586895810716e-07,2.25083110963019e-07,1.82337815062925e-07,1.45042680529551e-07,1.13406922228046e-07,8.72550217556887e-08,6.61393611773539e-08,4.94501237937708e-08,3.65098608872658e-08,2.66458642472161e-08,1.92386844201902e-08,1.37490081201835e-08,9.7273674617654e-09,6.8119227404887e-09,4.71921791886375e-09,2.01001373012889e-09,3.82941681181717e-10,1.69584847296603e-11,1.05317763089217e-14,1.18126507835914e-24,1.96434504629819e-82,0
0,7.04745367439909e-81,4.23800845609807e-23,3.77847087829751e-13,6.08360802149049e-10,1.35613062477114e-08,6.10584770997018e-08,1.13088656003603e-07,1.50211821626816e-07,1.94893889877128e-07,2.47005799302947e-07,3.05800482956373e-07,3.69828553701556e-07,4.3692360179196e-07,5.04275521105783e-07,5.68598683170038e-07,6.26386443318954e-07,6.74227113713213e-07,7.09142629029298e-07,7.28903042904181e-07,7.32270123846127e-07,7.19132342164375e-07,6.90510080194515e-07,6.48430759700466e-07,5.95694486284042e-07,5.355674649734e-07,4.71449598601624e-07,4.06562914597555e-07,3.43699421659503e-07,2.85053083849507e-07,2.3214424401969e-07,1.85829548559756e-07,1.46378989215562e-07,1.13595574885578e-07,8.69524665880322e-08,6.57260913862825e-08,4.911006899172e-08,3.63018877202462e-08,2.65606263311222e-08,1.92386844201902e-08,1.37931312062098e-08,9.78309545677698e-09,6.85909080778447e-09,3.0378364265738e-09,5.9617403257248e-10,2.64718744102339e-11,1.64402203057143e-14,1.84396796558135e-24,3.06636453162036e-82,0
0,8.51883215179517e-81,5.12282653613426e-23,4.56734597910337e-13,7.35375355341999e-10,1.63927413911618e-08,7.3811611947867e-08,1.36726183829795e-07,1.81618008160563e-07,2.3565732286867e-07,2.98693011689271e-07,3.69828553701556e-07,4.47320302833247e-07,5.28559760602304e-07,6.10162011269564e-07,6.88168469694231e-07,7.58353576164659e-07,8.16605355615945e-07,8.59333018405158e-07,8.83845095964669e-07,8.8864186030291e-07,8.7357676457726e-07,8.39861676894413e-07,7.89915874752837e-07,7.27083941686014e-07,6.55267671632422e-07,5.78527939963802e-07,5.00712557564028e-07,4.25156213911882e-07,3.5448169376093e-07,2.90511794654551e-07,2.34283037708268e-07,1.86138676410992e-07,1.4587142278864e-07,1.12885776383387e-07,8.63545185639438e-08,6.53516921678461e-08,4.89529699424552e-08,3.63018877202462e-08,2.6645864247216e-08,1.93489026589493e-08,1.3888639532675e-08,9.84460919858297e-09,4.51122239861215e-09,9.07067626741455e-10,4.03618412052197e-11,2.50668945788311e-14,2.8115529933896e-24,4.67537752207255e-82,0
0,1.00580731028953e-80,6.0484539283982e-23,5.39260533903033e-13,8.6824805210802e-10,1.93548197015706e-08,8.7156218176306e-08,1.6147057162931e-07,2.14500603870097e-07,2.78346488279783e-07,3.52837087759264e-07,4.3692360179196e-07,5.28559760602303e-07,6.24680961474825e-07,7.21308384745756e-07,8.13787574579592e-07,8.97149138382915e-07,9.6655600816006e-07,1.0177820502592e-06,1.04765551403475e-06,1.05440125737335e-06,1.03782878226047e-06,9.99336829319587e-07,9.41734995405673e-07,8.68912417275542e-07,7.85406886105868e-07,6.95940250506696e-07,6.04985697824221e-07,5.164205241768e-07,4.33297872256254e-07,3.57747608074393e-07,2.90995061645922e-07,2.33470665625531e-07,1.8497559454051e-07,1.44868305425211e-07,1.12242738807911e-07,8.60782776006414e-08,6.53516921678461e-08,4.911006899172e-08,3.65098608872657e-08,2.68303692637655e-08,1.94705638864872e-08,1.39369657024459e-08,6.57606781125137e-09,1.34860171986234e-09,6.01098318303118e-11,3.73319203925984e-14,4.18722280182311e-24,6.9630013780932e-82,0
0,1.15994236094564e-80,6.97534990848053e-23,6.21899573071185e-13,1.00130287733045e-09,2.2321033710921e-08,1.00523855760659e-07,1.86272991121983e-07,2.47468668050876e-07,3.21160265553497e-07,4.07161016314177e-07,5.04275521105782e-07,6.10162011269564e-07,7.21308384745756e-07,8.33151843502851e-07,9.40352870526831e-07,1.03720915190241e-06,1.11816838228168e-06,1.17837638015077e-06,1.21418411260634e-06,1.22353795711191e-06,1.20619280651767e-06,1.16371506211351e-06,1.09927678097146e-06,1.01727614635987e-06,9.228459628424e-07,8.21325817205021e-07,7.17772749121525e-07,6.16571055614469e-07,5.21178414954689e-07,4.3401866419292e-07,3.56507124886587e-07,2.89176787834557e-07,2.31865152536928e-07,1.83921907693094e-07,1.44404883696874e-07,1.12242738807911e-07,8.63545185639438e-08,6.57260913862825e-08,4.94501237937708e-08,3.67394260761076e-08,2.69237267864375e-08,1.94382283520746e-08,9.40176743603947e-09,1.95914337082647e-09,8.74395753505428e-11,5.43059008609792e-14,6.09105837594448e-24,1.01289207365036e-81,0
0,1.30660683377407e-80,7.85732133358411e-23,7.00533284632007e-13,1.12790887023042e-09,2.51435907901832e-08,1.1325037017296e-07,2.0990775555267e-07,2.78896572852586e-07,3.61993409768587e-07,4.59002939002149e-07,5.68598683170038e-07,6.88168469694231e-07,8.13787574579592e-07,9.40352870526831e-07,1.06188979040624e-06,1.17201566944173e-06,1.26451313277194e-06,1.33394206022732e-06,1.37620449619547e-06,1.38897799312395e-06,1.37195033910842e-06,1.32681965347205e-06,1.25706231543175e-06,1.16750908284489e-06,1.0637991301232e-06,9.51796771752774e-07,8.37054045969617e-07,7.24385740247524e-07,6.17596722883394e-07,5.19371238478851e-07,4.31306711741623e-07,3.54055524152712e-07,2.87529533889105e-07,2.31123435089385e-07,1.83921907693094e-07,1.44868305425211e-07,1.12885776383387e-07,8.69524665880322e-08,6.61393611773538e-08,4.96221878085381e-08,3.66784114602439e-08,2.66779373452253e-08,1.31736031898722e-08,2.78071267394203e-09,1.24239107956891e-10,7.71614906000574e-14,8.65458700126478e-24,1.43918544746164e-81,0
0,1.43760752163721e-80,8.64509809462241e-23,7.70768905468597e-13,1.24099337552259e-09,2.76648527161035e-08,1.24627304918943e-07,2.31067218538018e-07,3.07049877335424e-07,3.98599578924685e-07,5.05522306565387e-07,6.26386443318954e-07,7.58353576164659e-07,8.97149138382915e-07,1.03720915190241e-06,1.17201566944173e-06,1.29460252357228e-06,1.39818029331468e-06,1.47680205419282e-06,1.52597628853911e-06,1.54313498348234e-06,1.52788450532849e-06,1.48200115826015e-06,1.40917558120055e-06,1.31455141502344e-06,1.2041352736931e-06,1.08417067540726e-06,9.605658753626e-07,8.38446487164276e-07,7.21873946144691e-07,6.13737688503731e-07,5.15799666354415e-07,4.28849835143966e-07,3.52922929811606e-07,2.87529533889105e-07,2.31865152536928e-07,1.8497559454051e-07,1.45871422788641e-07,1.13595574885578e-07,8.72550217556887e-08,6.6029520928153e-08,4.91691818071798e-08,3.59892248432669e-08,1.80792817341192e-08,3.85592555110719e-09,1.72423393453742e-10,1.07088069590819e-13,1.20112119136527e-23,1.99736410183185e-81,0
0,1.5449792191668e-80,9.29078117832821e-23,8.28335914920105e-13,1.33368055642436e-09,2.97315668326491e-08,1.33965843004906e-07,2.48479738929066e-07,3.30241763355172e-07,4.28793889702167e-07,5.43955934342933e-07,6.74227113713213e-07,8.16605355615945e-07,9.6655600816006e-07,1.11816838228168e-06,1.26451313277194e-06,1.39818029331468e-06,1.51194291037828e-06,1.59946225425808e-06,1.65593479733832e-06,1.67858348965902e-06,1.66691735676e-06,1.62272056354412e-06,1.54977736245966e-06,1.45338314629283e-06,1.33972481752121e-06,1.2152292249321e-06,1.08597419564319e-06,9.57235131026999e-07,8.33207479735012e-07,7.16909818999416e-07,6.10241620107539e-07,5.14149665878767e-07,4.28849835143966e-07,3.54055524152712e-07,2.89176787834557e-07,2.33470665625532e-07,1.86138676410992e-07,1.46378989215562e-07,1.13406922228046e-07,8.64584617842404e-08,6.47888275519305e-08,4.76736024681601e-08,2.42892132730548e-08,5.22352988429354e-09,2.33733783478237e-10,1.45167188547522e-13,1.62822420029053e-23,2.70760069073259e-81,0
0,1.62177963691301e-80,9.75262290851602e-23,8.69512225587809e-13,1.39997759137894e-09,3.12101595715074e-08,1.40665497525998e-07,2.61036323016568e-07,3.4700093252661e-07,4.50670237609213e-07,5.71892600736025e-07,7.09142629029298e-07,8.59333018405158e-07,1.0177820502592e-06,1.17837638015077e-06,1.33394206022732e-06,1.47680205419282e-06,1.59946225425808e-06,1.69533815975953e-06,1.75941851291853e-06,1.78876539310709e-06,1.78277346016394e-06,1.74315031415398e-06,1.67362729645695e-06,1.57945529584535e-06,1.46677347054361e-06,1.3419534526188e-06,1.21101544016084e-06,1.07918851883965e-06,9.50652490215928e-07,8.2846123326533e-07,7.14616483777419e-07,6.10241620107539e-07,5.15799666354415e-07,4.31306711741623e-07,3.56507124886587e-07,2.90995061645923e-07,2.34283037708268e-07,1.85829548559756e-07,1.45042680529551e-07,1.11276008429971e-07,8.38286541613474e-08,6.19554265019648e-08,3.19311622186316e-08,6.91268513430805e-09,3.09481087956146e-10,1.92212991042396e-13,2.15589932393086e-23,3.58508029642578e-81,0
0,1.66283033522287e-80,9.99948257528894e-23,8.91521432783219e-13,1.43541427301517e-09,3.20009908940963e-08,1.44278103993109e-07,2.67908495512039e-07,3.5622781480848e-07,4.62803389988387e-07,5.87528248054691e-07,7.28903042904181e-07,8.83845095964668e-07,1.04765551403475e-06,1.21418411260634e-06,1.37620449619547e-06,1.52597628853911e-06,1.65593479733832e-06,1.75941851291853e-06,1.83132949115275e-06,1.86862592744161e-06,1.87057081402226e-06,1.83870124860734e-06,1.77653130174474e-06,1.68904677633167e-06,1.58208272310605e-06,1.46168746077174e-06,1.33356829719668e-06,1.20268762246918e-06,1.07304107678921e-06,9.47611431519403e-07,8.2846123326533e-07,7.16909818999416e-07,6.1373768850373e-07,5.19371238478851e-07,4.3401866419292e-07,3.57747608074394e-07,2.90511794654551e-07,2.32144244019691e-07,1.82337815062925e-07,1.40630916324755e-07,1.06409589773626e-07,7.89294871052398e-08,4.10612347409088e-08,8.93643419216948e-09,4.00252429282935e-10,2.48590142137317e-13,2.7882367185064e-23,4.63660450668081e-81,0
0,1.66529404620369e-80,1.00142981788426e-22,8.92842343944897e-13,1.43754137160457e-09,3.20494604178456e-08,1.44557640161052e-07,2.6863992980116e-07,3.57315927155763e-07,4.64405870361159e-07,5.89863898911702e-07,7.32270123846126e-07,8.8864186030291e-07,1.05440125737335e-06,1.22353795711191e-06,1.38897799312394e-06,1.54313498348234e-06,1.67858348965902e-06,1.78876539310709e-06,1.86862592744161e-06,1.91508149151871e-06,1.92724701300578e-06,1.9063918792646e-06,1.85564158948164e-06,1.77948656536249e-06,1.68319003799948e-06,1.57219712722492e-06,1.45163584103858e-06,1.32597181735632e-06,1.19884032422807e-06,1.07304107678921e-06,9.50652490215928e-07,8.33207479735012e-07,7.2187394614469e-07,6.17596722883394e-07,5.21178414954689e-07,4.33297872256255e-07,3.5448169376093e-07,2.85053083849507e-07,2.25083110963018e-07,1.74363660009207e-07,1.32412075652419e-07,9.85077993769598e-08,5.16345900845489e-08,1.12851321357241e-08,5.05616226622851e-10,3.14030595930491e-13,3.52222992761015e-23,5.85717383589713e-81,0
0,1.62899898905441e-80,9.79603670992074e-23,8.73382859318117e-13,1.40621059453421e-09,3.13522455171558e-08,1.41488159379826e-07,2.63197650683464e-07,3.50219593268264e-07,4.55415345900204e-07,5.78815649001063e-07,7.19132342164375e-07,8.7357676457726e-07,1.03782878226047e-06,1.20619280651767e-06,1.37195033910842e-06,1.52788450532849e-06,1.66691735676e-06,1.78277346016394e-06,1.87057081402226e-06,1.92724701300578e-06,1.95175492752971e-06,1.94500314460901e-06,1.90956316623064e-06,1.84920718672843e-06,1.76836749756398e-06,1.67161520640607e-06,1.56324133260446e-06,1.44699217803447e-06,1.32597181735632e-06,1.20268762246918e-06,1.07918851883965e-06,9.57235131026998e-07,8.38446487164275e-07,7.24385740247523e-07,6.16571055614469e-07,5.164205241768e-07,4.25156213911882e-07,3.43699421659502e-07,2.72586895810715e-07,2.11928661888913e-07,1.61415718971943e-07,1.20373927782933e-07,6.3480460762828e-08,1.39208605025381e-08,6.23871489398458e-10,3.87477883556854e-13,4.34602938529884e-23,7.22708344678812e-81,0
0,1.55645867760764e-80,9.35981326309461e-23,8.34490591708427e-13,1.34359168437179e-09,2.99576809146348e-08,1.35285409373895e-07,2.51974717839227e-07,3.35457336257723e-07,4.36498748417658e-07,5.55219441228826e-07,6.90510080194514e-07,8.39861676894412e-07,9.99336829319587e-07,1.16371506211351e-06,1.32681965347205e-06,1.48200115826015e-06,1.62272056354412e-06,1.74315031415398e-06,1.83870124860734e-06,1.9063918792646e-06,1.94500314460901e-06,1.9550016760235e-06,1.9382588823228e-06,1.89763131873925e-06,1.83649070119533e-06,1.75829424666723e-06,1.66626784760462e-06,1.56324133260446e-06,1.45163584103857e-06,1.33356829719668e-06,1.21101544016084e-06,1.08597419564319e-06,9.60565875362598e-07,8.37054045969616e-07,7.17772749121525e-07,6.04985697824221e-07,5.00712557564027e-07,4.06562914597555e-07,3.23612723374253e-07,2.52345068733323e-07,1.92661321225075e-07,1.43954378964642e-07,7.62866809532453e-08,1.67739879111711e-08,7.51893515920739e-10,4.66991278032544e-13,5.2378675098341e-23,8.71013567115765e-81,0
0,1.45258404720921e-80,8.73515990268763e-23,7.78798524182544e-13,1.25392391674485e-09,2.79602192016735e-08,1.26371892342201e-07,2.35744037462746e-07,3.14050530249651e-07,4.08972680586695e-07,5.20730195002257e-07,6.48430759700466e-07,7.89915874752837e-07,9.41734995405673e-07,1.09927678097146e-06,1.25706231543175e-06,1.40917558120055e-06,1.54977736245966e-06,1.67362729645695e-06,1.77653130174474e-06,1.85564158948164e-06,1.90956316623064e-06,1.9382588823228e-06,1.94278590738267e-06,1.92493001294928e-06,1.88682173509247e-06,1.83061591932137e-06,1.75829424666723e-06,1.67161520640607e-06,1.57219712722492e-06,1.46168746077174e-06,1.3419534526188e-06,1.2152292249321e-06,1.08417067540726e-06,9.51796771752773e-07,8.21325817205021e-07,6.95940250506696e-07,5.78527939963802e-07,4.71449598601623e-07,3.76372262222691e-07,2.94191707222731e-07,2.25047336688501e-07,1.68416142302664e-07,8.95986305373518e-08,1.97429676210201e-08,8.85124923268835e-10,5.4974022349252e-13,6.16599622089838e-23,1.02535361062563e-80,0
0,1.32413370478963e-80,7.96271972427187e-23,7.09930263314282e-13,1.14304153762702e-09,2.54898540194155e-08,1.15329355624109e-07,2.15570758088811e-07,2.8740725127382e-07,3.74653064757441e-07,4.77631808754103e-07,5.95694486284042e-07,7.27083941686015e-07,8.68912417275542e-07,1.01727614635987e-06,1.16750908284489e-06,1.31455141502344e-06,1.45338314629283e-06,1.57945529584535e-06,1.68904677633166e-06,1.77948656536249e-06,1.84920718672843e-06,1.89763131873925e-06,1.92493001294928e-06,1.93171910712159e-06,1.91877232103102e-06,1.88682173509247e-06,1.83649070119533e-06,1.76836749756398e-06,1.68319003799948e-06,1.58208272310605e-06,1.46677347054361e-06,1.33972481752121e-06,1.2041352736931e-06,1.0637991301232e-06,9.228459628424e-07,7.85406886105868e-07,6.55267671632422e-07,5.355674649734e-07,4.28588100109037e-07,3.35657738991345e-07,2.57169587091147e-07,1.92696991401124e-07,1.02836123675161e-07,2.26981508921605e-08,1.01774693111411e-09,6.32110718898026e-13,7.08988016052064e-23,1.17898778414004e-80,0
0,1.17898778414251e-80,7.08988016052249e-23,6.32110718898053e-13,1.01774693111413e-09,2.26981508921605e-08,1.02836123675161e-07,1.92696991401124e-07,2.57169587091147e-07,3.35657738991345e-07,4.28588100109037e-07,5.35567464973399e-07,6.55267671632421e-07,7.85406886105868e-07,9.228459628424e-07,1.0637991301232e-06,1.2041352736931e-06,1.33972481752121e-06,1.46677347054361e-06,1.58208272310605e-06,1.68319003799947e-06,1.76836749756398e-06,1.83649070119533e-06,1.88682173509247e-06,1.91877232103102e-06,1.93171910712159e-06,1.92493001294928e-06,1.89763131873925e-06,1.84920718672844e-06,1.77948656536249e-06,1.68904677633167e-06,1.57945529584535e-06,1.45338314629283e-06,1.31455141502344e-06,1.16750908284489e-06,1.01727614635987e-06,8.68912417275543e-07,7.27083941686015e-07,5.95694486284042e-07,4.77631808754103e-07,3.74653064757442e-07,2.8740725127382e-07,2.15570758088811e-07,1.15329355624109e-07,2.54898540194155e-08,1.14304153762701e-09,7.09930263314252e-13,7.9627197242698e-23,1.32413370478685e-80,0
0,1.02535361062778e-80,6.16599622089999e-23,5.49740223492543e-13,8.85124923268848e-10,1.97429676210201e-08,8.95986305373517e-08,1.68416142302664e-07,2.25047336688501e-07,2.94191707222731e-07,3.76372262222691e-07,4.71449598601623e-07,5.78527939963801e-07,6.95940250506696e-07,8.2132581720502e-07,9.51796771752773e-07,1.08417067540726e-06,1.2152292249321e-06,1.34195345261879e-06,1.46168746077174e-06,1.57219712722492e-06,1.67161520640607e-06,1.75829424666723e-06,1.83061591932137e-06,1.88682173509247e-06,1.92493001294928e-06,1.94278590738267e-06,1.9382588823228e-06,1.90956316623064e-06,1.85564158948164e-06,1.77653130174474e-06,1.67362729645695e-06,1.54977736245966e-06,1.40917558120055e-06,1.25706231543175e-06,1.09927678097147e-06,9.41734995405673e-07,7.89915874752838e-07,6.48430759700466e-07,5.20730195002258e-07,4.08972680586696e-07,3.14050530249651e-07,2.35744037462746e-07,1.26371892342201e-07,2.79602192016735e-08,1.25392391674483e-09,7.78798524182512e-13,8.73515990268535e-23,1.45258404720616e-80,0
0,8.71013567117592e-81,5.23786750983546e-23,4.66991278032563e-13,7.51893515920751e-10,1.67739879111711e-08,7.62866809532452e-08,1.43954378964642e-07,1.92661321225074e-07,2.52345068733323e-07,3.23612723374253e-07,4.06562914597554e-07,5.00712557564027e-07,6.0498569782422e-07,7.17772749121524e-07,8.37054045969615e-07,9.60565875362598e-07,1.08597419564319e-06,1.21101544016084e-06,1.33356829719668e-06,1.45163584103857e-06,1.56324133260446e-06,1.66626784760462e-06,1.75829424666723e-06,1.83649070119533e-06,1.89763131873925e-06,1.9382588823228e-06,1.95500167602349e-06,1.94500314460901e-06,1.9063918792646e-06,1.83870124860734e-06,1.74315031415398e-06,1.62272056354412e-06,1.48200115826015e-06,1.32681965347205e-06,1.16371506211351e-06,9.99336829319587e-07,8.39861676894413e-07,6.90510080194515e-07,5.55219441228827e-07,4.36498748417658e-07,3.35457336257724e-07,2.51974717839227e-07,1.35285409373895e-07,2.99576809146348e-08,1.34359168437176e-09,8.34490591708391e-13,9.35981326309218e-23,1.55645867760438e-80,0
0,7.22708344680328e-81,4.34602938529997e-23,3.8747788355687e-13,6.23871489398467e-10,1.39208605025381e-08,6.3480460762828e-08,1.20373927782932e-07,1.61415718971943e-07,2.11928661888913e-07,2.72586895810715e-07,3.43699421659502e-07,4.25156213911882e-07,5.164205241768e-07,6.16571055614468e-07,7.24385740247523e-07,8.38446487164275e-07,9.57235131026998e-07,1.07918851883965e-06,1.20268762246918e-06,1.32597181735632e-06,1.44699217803447e-06,1.56324133260446e-06,1.67161520640607e-06,1.76836749756398e-06,1.84920718672843e-06,1.90956316623064e-06,1.94500314460901e-06,1.95175492752971e-06,1.92724701300578e-06,1.87057081402226e-06,1.78277346016394e-06,1.66691735676e-06,1.52788450532849e-06,1.37195033910842e-06,1.20619280651767e-06,1.03782878226047e-06,8.7357676457726e-07,7.19132342164375e-07,5.78815649001063e-07,4.55415345900205e-07,3.50219593268264e-07,2.63197650683464e-07,1.41488159379826e-07,3.13522455171558e-08,1.40621059453419e-09,8.73382859318079e-13,9.79603670991819e-23,1.62899898905099e-80,0
0,5.85717383590942e-81,3.52222992761106e-23,3.14030595930504e-13,5.05616226622858e-10,1.12851321357241e-08,5.16345900845488e-08,9.85077993769598e-08,1.32412075652419e-07,1.74363660009206e-07,2.25083110963018e-07,2.85053083849506e-07,3.54481693760929e-07,4.33297872256254e-07,5.21178414954689e-07,6.17596722883394e-07,7.2187394614469e-07,8.33207479735012e-07,9.50652490215927e-07,1.07304107678921e-06,1.19884032422807e-06,1.32597181735632e-06,1.45163584103857e-06,1.57219712722492e-06,1.68319003799948e-06,1.77948656536249e-06,1.85564158948164e-06,1.9063918792646e-06,1.92724701300578e-06,1.91508149151871e-06,1.86862592744161e-06,1.78876539310709e-06,1.67858348965902e-06,1.54313498348234e-06,1.38897799312394e-06,1.22353795711191e-06,1.05440125737335e-06,8.8864186030291e-07,7.32270123846126e-07,5.89863898911703e-07,4.64405870361159e-07,3.57315927155763e-07,2.6863992980116e-07,1.44557640161052e-07,3.20494604178456e-08,1.43754137160455e-09,8.92842343944858e-13,1.001429817884e-22,1.6652940462002e-80,0
0,4.63660450669054e-81,2.7882367185071e-23,2.48590142137327e-13,4.00252429282941e-10,8.93643419216946e-09,4.10612347409087e-08,7.89294871052397e-08,1.06409589773626e-07,1.40630916324755e-07,1.82337815062925e-07,2.3214424401969e-07,2.9051179465455e-07,3.57747608074393e-07,4.3401866419292e-07,5.19371238478851e-07,6.1373768850373e-07,7.16909818999415e-07,8.28461233265329e-07,9.47611431519402e-07,1.07304107678921e-06,1.20268762246918e-06,1.33356829719668e-06,1.46168746077174e-06,1.58208272310605e-06,1.68904677633166e-06,1.77653130174474e-06,1.83870124860734e-06,1.87057081402226e-06,1.86862592744161e-06,1.83132949115275e-06,1.75941851291853e-06,1.65593479733832e-06,1.52597628853911e-06,1.37620449619547e-06,1.21418411260634e-06,1.04765551403475e-06,8.83845095964668e-07,7.28903042904181e-07,5.87528248054691e-07,4.62803389988387e-07,3.5622781480848e-07,2.67908495512039e-07,1.44278103993109e-07,3.20009908940963e-08,1.43541427301514e-09,8.91521432783181e-13,9.99948257528634e-23,1.66283033521938e-80,0
0,3.5850802964333e-81,2.15589932393141e-23,1.92212991042404e-13,3.09481087956151e-10,6.91268513430804e-09,3.19311622186315e-08,6.19554265019647e-08,8.38286541613472e-08,1.11276008429971e-07,1.45042680529551e-07,1.85829548559755e-07,2.34283037708268e-07,2.90995061645922e-07,3.56507124886586e-07,4.31306711741623e-07,5.15799666354414e-07,6.10241620107538e-07,7.14616483777418e-07,8.28461233265329e-07,9.50652490215926e-07,1.07918851883965e-06,1.21101544016084e-06,1.34195345261879e-06,1.46677347054361e-06,1.57945529584535e-06,1.67362729645695e-06,1.74315031415398e-06,1.78277346016394e-06,1.78876539310709e-06,1.75941851291853e-06,1.69533815975953e-06,1.59946225425808e-06,1.47680205419282e-06,1.33394206022732e-06,1.17837638015077e-06,1.0177820502592e-06,8.59333018405158e-07,7.09142629029298e-07,5.71892600736025e-07,4.50670237609213e-07,3.4700093252661e-07,2.61036323016568e-07,1.40665497525998e-07,3.12101595715074e-08,1.39997759137892e-09,8.69512225587772e-13,9.75262290851349e-23,1.62177963690961e-80,0
0,2.70760069073827e-81,1.62822420029095e-23,1.45167188547528e-13,2.33733783478241e-10,5.22352988429353e-09,2.42892132730548e-08,4.767360246816e-08,6.47888275519304e-08,8.64584617842402e-08,1.13406922228046e-07,1.46378989215562e-07,1.86138676410992e-07,2.33470665625531e-07,2.89176787834557e-07,3.54055524152712e-07,4.28849835143966e-07,5.14149665878767e-07,6.10241620107538e-07,7.16909818999415e-07,8.33207479735012e-07,9.57235131026998e-07,1.08597419564319e-06,1.2152292249321e-06,1.33972481752121e-06,1.45338314629283e-06,1.54977736245966e-06,1.62272056354412e-06,1.66691735676e-06,1.67858348965902e-06,1.65593479733832e-06,1.59946225425808e-06,1.51194291037828e-06,1.39818029331468e-06,1.26451313277194e-06,1.11816838228168e-06,9.6655600816006e-07,8.16605355615945e-07,6.74227113713213e-07,5.43955934342932e-07,4.28793889702167e-07,3.30241763355172e-07,2.48479738929066e-07,1.33965843004906e-07,2.97315668326491e-08,1.33368055642434e-09,8.2833591492007e-13,9.2907811783258e-23,1.54497921916356e-80,0
0,1.99736410183604e-81,1.20112119136559e-23,1.07088069590824e-13,1.72423393453744e-10,3.85592555110719e-09,1.80792817341192e-08,3.59892248432669e-08,4.91691818071798e-08,6.60295209281529e-08,8.72550217556887e-08,1.13595574885578e-07,1.4587142278864e-07,1.8497559454051e-07,2.31865152536928e-07,2.87529533889105e-07,3.52922929811606e-07,4.28849835143966e-07,5.15799666354415e-07,6.1373768850373e-07,7.2187394614469e-07,8.38446487164275e-07,9.60565875362599e-07,1.08417067540726e-06,1.2041352736931e-06,1.31455141502344e-06,1.40917558120055e-06,1.48200115826015e-06,1.52788450532849e-06,1.54313498348234e-06,1.52597628853911e-06,1.47680205419282e-06,1.39818029331468e-06,1.29460252357228e-06,1.17201566944173e-06,1.03720915190241e-06,8.97149138382915e-07,7.58353576164659e-07,6.26386443318954e-07,5.05522306565387e-07,3.98599578924685e-07,3.07049877335423e-07,2.31067218538018e-07,1.24627304918943e-07,2.76648527161035e-08,1.24099337552257e-09,7.70768905468564e-13,8.64509809462016e-23,1.43760752163419e-80,0
0,1.43918544746466e-81,8.65458700126697e-24,7.71614906000605e-14,1.24239107956893e-10,2.78071267394203e-09,1.31736031898721e-08,2.66779373452252e-08,3.66784114602439e-08,4.96221878085381e-08,6.61393611773538e-08,8.69524665880321e-08,1.12885776383387e-07,1.44868305425211e-07,1.83921907693094e-07,2.31123435089385e-07,2.87529533889105e-07,3.54055524152712e-07,4.31306711741623e-07,5.19371238478851e-07,6.17596722883393e-07,7.24385740247523e-07,8.37054045969616e-07,9.51796771752774e-07,1.0637991301232e-06,1.16750908284489e-06,1.25706231543175e-06,1.32681965347205e-06,1.37195033910842e-06,1.38897799312394e-06,1.37620449619547e-06,1.33394206022732e-06,1.26451313277194e-06,1.17201566944173e-06,1.06188979040624e-06,9.40352870526831e-07,8.13787574579591e-07,6.8816846969423e-07,5.68598683170038e-07,4.59002939002148e-07,3.61993409768587e-07,2.78896572852586e-07,2.0990775555267e-07,1.1325037017296e-07,2.51435907901832e-08,1.1279088702304e-09,7.00533284631976e-13,7.85732133358206e-23,1.30660683377133e-80,0
0,1.01289207365249e-81,6.09105837594607e-24,5.43059008609817e-14,8.74395753505441e-11,1.95914337082647e-09,9.40176743603946e-09,1.94382283520746e-08,2.69237267864375e-08,3.67394260761075e-08,4.94501237937707e-08,6.57260913862824e-08,8.63545185639437e-08,1.12242738807911e-07,1.44404883696874e-07,1.83921907693094e-07,2.31865152536928e-07,2.89176787834557e-07,3.56507124886586e-07,4.34018664192919e-07,5.21178414954688e-07,6.16571055614468e-07,7.17772749121524e-07,8.2132581720502e-07,9.228459628424e-07,1.01727614635987e-06,1.09927678097146e-06,1.16371506211351e-06,1.20619280651766e-06,1.22353795711191e-06,1.21418411260634e-06,1.17837638015077e-06,1.11816838228168e-06,1.03720915190241e-06,9.4035287052683e-07,8.33151843502851e-07,7.21308384745755e-07,6.10162011269564e-07,5.04275521105782e-07,4.07161016314177e-07,3.21160265553497e-07,2.47468668050876e-07,1.86272991121982e-07,1.00523855760659e-07,2.2321033710921e-08,1.00130287733044e-09,6.21899573071158e-13,6.97534990847871e-23,1.1599423609432e-80,0
0,6.9630013781078e-82,4.18722280182417e-24,3.73319203925999e-14,6.01098318303126e-11,1.34860171986233e-09,6.57606781125135e-09,1.39369657024458e-08,1.94705638864872e-08,2.68303692637654e-08,3.65098608872657e-08,4.91100689917199e-08,6.5351692167846e-08,8.60782776006413e-08,1.12242738807911e-07,1.44868305425211e-07,1.8497559454051e-07,2.33470665625531e-07,2.90995061645922e-07,3.57747608074393e-07,4.33297872256254e-07,5.164205241768e-07,6.0498569782422e-07,6.95940250506696e-07,7.85406886105868e-07,8.68912417275541e-07,9.41734995405672e-07,9.99336829319586e-07,1.03782878226047e-06,1.05440125737335e-06,1.04765551403475e-06,1.0177820502592e-06,9.66556008160059e-07,8.97149138382914e-07,8.13787574579591e-07,7.21308384745755e-07,6.24680961474824e-07,5.28559760602303e-07,4.36923601791959e-07,3.52837087759263e-07,2.78346488279783e-07,2.14500603870097e-07,1.6147057162931e-07,8.71562181763059e-08,1.93548197015705e-08,8.68248052108006e-10,5.3926053390301e-13,6.04845392839662e-23,1.00580731028742e-80,0
0,4.67537752208236e-82,2.81155299339031e-24,2.50668945788322e-14,4.03618412052202e-11,9.07067626741451e-10,4.51122239861213e-09,9.84460919858294e-09,1.3888639532675e-08,1.93489026589492e-08,2.6645864247216e-08,3.63018877202462e-08,4.8952969942455e-08,6.5351692167846e-08,8.63545185639436e-08,1.12885776383386e-07,1.4587142278864e-07,1.86138676410992e-07,2.34283037708268e-07,2.9051179465455e-07,3.54481693760929e-07,4.25156213911881e-07,5.00712557564027e-07,5.78527939963802e-07,6.55267671632421e-07,7.27083941686014e-07,7.89915874752836e-07,8.39861676894412e-07,8.73576764577259e-07,8.88641860302909e-07,8.83845095964668e-07,8.59333018405157e-07,8.16605355615944e-07,7.58353576164658e-07,6.8816846969423e-07,6.10162011269564e-07,5.28559760602303e-07,4.47320302833247e-07,3.69828553701556e-07,2.98693011689271e-07,2.3565732286867e-07,1.81618008160563e-07,1.36726183829795e-07,7.38116119478669e-08,1.63927413911618e-08,7.35375355341987e-10,4.56734597910317e-13,5.12282653613293e-23,8.5188321517773e-81,0
0,3.06636453162679e-82,1.84396796558182e-24,1.6440220305715e-14,2.64718744102342e-11,5.96174032572478e-10,3.03783642657379e-09,6.85909080778445e-09,9.78309545677695e-09,1.37931312062098e-08,1.92386844201901e-08,2.65606263311221e-08,3.63018877202462e-08,4.91100689917199e-08,6.57260913862824e-08,8.69524665880321e-08,1.13595574885578e-07,1.46378989215562e-07,1.85829548559755e-07,2.3214424401969e-07,2.85053083849506e-07,3.43699421659502e-07,4.06562914597554e-07,4.71449598601623e-07,5.35567464973399e-07,5.95694486284041e-07,6.48430759700465e-07,6.90510080194514e-07,7.19132342164374e-07,7.32270123846126e-07,7.2890304290418e-07,7.09142629029297e-07,6.74227113713212e-07,6.26386443318953e-07,5.68598683170037e-07,5.04275521105782e-07,4.36923601791959e-07,3.69828553701556e-07,3.05800482956373e-07,2.47005799302947e-07,1.94893889877128e-07,1.50211821626815e-07,1.13088656003603e-07,6.10584770997017e-08,1.35613062477114e-08,6.08360802149037e-10,3.77847087829734e-13,4.23800845609697e-23,7.0474536743843e-81,0
0,1.96434504630231e-82,1.18126507835944e-24,1.0531776308922e-14,1.69584847296604e-11,3.82941681181715e-10,2.01001373012888e-09,4.71921791886372e-09,6.81192274048867e-09,9.72736746176534e-09,1.37490081201834e-08,1.92386844201901e-08,2.66458642472159e-08,3.65098608872656e-08,4.94501237937707e-08,6.61393611773537e-08,8.72550217556885e-08,1.13406922228046e-07,1.45042680529551e-07,1.82337815062925e-07,2.25083110963018e-07,2.72586895810715e-07,3.23612723374253e-07,3.7637226222269e-07,4.28588100109036e-07,4.77631808754102e-07,5.20730195002256e-07,5.55219441228825e-07,5.78815649001062e-07,5.89863898911701e-07,5.8752824805469e-07,5.71892600736024e-07,5.43955934342932e-07,5.05522306565386e-07,4.59002939002148e-07,4.07161016314177e-07,3.52837087759263e-07,2.9869301168927e-07,2.47005799302947e-07,1.99531436348675e-07,1.57445525621797e-07,1.21355191000848e-07,9.13673127586081e-08,4.9335614342733e-08,1.09581897650494e-08,4.91586870000445e-10,3.05319921918208e-13,3.4245292674797e-23,5.69470580796399e-81,0
