0,0,0,0,0,0,0,0,0,0,0,0,0,0,0,0,0,0,0,0,0,0,0,0,0,0,0,0,0,0,0,0,0,0,0,0,0,0,0,0,0,0,0,0,0,0,0,0,0,0
0,2.04087499391534e-242,1.15515012957499e-104,3.39611549247239e-78,2.48651551545808e-69,2.02281040211421e-65,9.17093832911033e-64,1.93695469909657e-63,3.96774025514951e-63,7.88288304142024e-63,1.51895536287018e-62,2.83872301899303e-62,5.14539957874523e-62,9.04551447829742e-62,1.54228813981569e-61,2.5504443040166e-61,4.09057395017133e-61,6.36312906153703e-61,9.60008978855127e-61,1.4047464305586e-60,1.99360290949785e-60,2.74408436709181e-60,3.66331563742412e-60,4.74317664896442e-60,5.95637919523051e-60,7.25459974162664e-60,8.56964148593919e-60,9.8181560404994e-60,1.09097622415428e-59,1.17576010858551e-59,1.2289670406728e-59,1.24589037188711e-59,1.22500398870265e-59,1.16818938397927e-59,1.0804560034813e-59,9.69212480743989e-60,8.43235706564759e-60,7.11536294825313e-60,5.82322011947578e-60,4.62218618406899e-60,3.55835884467112e-60,2.65686892595537e-60,1.92401562908482e-60,1.35134158314993e-60,4.71981656506475e-61,3.7199902294069e-62,8.10341666896461e-65,3.65108266431847e-73,5.09019134963756e-122,0
0,1.52131011787813e-109,6.28933194194489e-59,2.40129284087559e-35,1.75814185630223e-26,1.4302698694539e-22,6.48450202579193e-21,1.36956398416247e-20,2.80547305958181e-20,5.57375606563595e-20,1.07400893106167e-19,2.00717808752498e-19,3.63816172759783e-19,6.39581913741097e-19,1.09050692274678e-18,1.80334474713334e-18,2.89232552904364e-18,4.49918304235539e-18,6.78794372044664e-18,9.93255281748633e-18,1.40961857170498e-17,1.9402621971559e-17,2.59022392858212e-17,3.3537623077493e-17,4.21158264515482e-17,5.12951678048755e-17,6.05934474011625e-17,6.94213329975825e-17,7.71397655761776e-17,8.31345902324856e-17,8.68967003854535e-17,8.80933023818265e-17,8.6616488955265e-17,8.2599294815021e-17,7.6395923188219e-17,6.85302169728532e-17,5.96227646422388e-17,5.03106806216416e-17,4.11743123778133e-17,3.26821483607904e-17,2.51601322111086e-17,1.87859568456804e-17,1.36041622066207e-17,9.55494875943823e-18,3.3372475544367e-18,2.63030033585761e-19,5.72970949523352e-22,2.58165441315731e-30,1.38943734078817e-78,0
0,4.48398112937179e-81,3.57970071250169e-37,9.79455807608565e-27,3.27165346356853e-19,2.66161648656448e-15,1.20711592807911e-13,2.5496055885196e-13,5.22294709895648e-13,1.03771206429012e-12,1.99966263200201e-12,3.73727654949268e-12,6.77442430368981e-12,1.19099029240933e-11,2.03077932349488e-11,3.35842724575625e-11,5.38676305769545e-11,8.37989420774735e-11,1.26435185734747e-10,1.85018917826979e-10,2.62592979914915e-10,3.61467200784042e-10,4.82584656355264e-10,6.24880501181259e-10,7.84764426217118e-10,9.55873751883033e-10,1.12922550828546e-09,1.29383758414847e-09,1.43779777750329e-09,1.54965435245367e-09,1.61990999491937e-09,1.64235095640036e-09,1.61495384566999e-09,1.54018664781073e-09,1.42464189946443e-09,1.27807759195299e-09,1.11205919750211e-09,9.38464395955819e-10,7.6811621804063e-10,6.09754958976182e-10,4.69464818466972e-10,3.50566248857899e-10,2.53896389318103e-10,1.78345582743109e-10,6.23280067285657e-11,4.92104210561705e-12,1.07896932592438e-14,5.28604791757092e-23,6.12551284563914e-68,0
0,1.60239064476703e-71,1.27580729513394e-27,5.81251603748645e-20,4.49831134684833e-16,5.60832383063466e-13,2.45778935924078e-11,5.1872033848926e-11,1.06215600729768e-10,2.10997255971238e-10,4.06605822321312e-10,7.60080273439537e-10,1.37822392184475e-09,2.42406040955291e-09,4.13544251519193e-09,6.84303952399129e-09,1.09829701990567e-08,1.70974225928448e-08,2.58154011321447e-08,3.78061548908393e-08,5.37007175442377e-08,7.39827680583044e-08,9.88583252753033e-08,1.2812315556798e-07,1.61054704758057e-07,1.96358845294951e-07,2.32198147651261e-07,2.66316645115308e-07,2.96257443112283e-07,3.19647860368198e-07,3.34507702461466e-07,3.39525567565277e-07,3.34249807833077e-07,3.19155603093583e-07,2.95574340253805e-07,2.65499846387393e-07,2.31310562940167e-07,1.95461250658406e-07,1.6019917679962e-07,1.2734874824384e-07,9.81893262676895e-08,7.34293181108825e-08,5.32611761400417e-08,3.74704137643443e-08,1.32022430892888e-08,1.0668871833913e-09,2.53900758207535e-12,2.44847602167376e-20,1.88159793263138e-64,0
0,2.68146612532924e-67,2.13495275118522e-23,6.25144915860364e-16,3.6462298883124e-13,2.0767472437421e-11,3.12319168244644e-10,6.16098441633896e-10,1.19500432924366e-09,2.27424708324258e-09,4.23826873996228e-09,7.72050310641603e-09,1.37258488496028e-08,2.37852883234933e-08,4.01323059967711e-08,6.58759756504548e-08,1.05127005649572e-07,1.63014327751085e-07,2.45517422131863e-07,3.59041941968268e-07,5.09691636142383e-07,7.02242745872008e-07,9.3890510787846e-07,1.2180439550782e-06,1.53311459910875e-06,1.87209998941128e-06,2.21771286686029e-06,2.54851785696169e-06,2.84095465386445e-06,3.0720363270931e-06,3.22230968014612e-06,3.27855366203793e-06,3.23569777231774e-06,3.09757475432064e-06,2.87635291959362e-06,2.59076491109451e-06,2.26349054116733e-06,1.91820021028138e-06,1.57678962064935e-06,1.25724042587732e-06,9.7236214313012e-07,7.2946312291319e-07,5.30816973006299e-07,3.74673568995704e-07,1.34288302256536e-07,1.13691368903476e-08,3.11741341672554e-11,5.29345748942044e-19,5.60925044080227e-63,0
0,1.31163810672802e-65,1.04431125607845e-21,3.01183904541855e-14,9.76523089022706e-12,2.64574548238907e-10,1.80756798559152e-09,3.1599231571797e-09,5.47184055649957e-09,9.39018385300579e-09,1.59656881352835e-08,2.68686156465908e-08,4.46837883278091e-08,7.32857067135742e-08,1.18271335941735e-07,1.87392018635528e-07,2.90879279669893e-07,4.4151067547214e-07,6.54227230945981e-07,9.45114976023527e-07,1.32962157476369e-06,1.82000851176312e-06,2.42223455166635e-06,3.13269567237596e-06,3.93545232078489e-06,4.80068289181428e-06,5.68504505372677e-06,6.53436945969524e-06,7.28867514861599e-06,7.8889677592328e-06,8.28479408198238e-06,8.44122438972553e-06,8.34392599221391e-06,8.00130844353347e-06,7.44329828038593e-06,6.71699412265235e-06,5.88008004379656e-06,4.99327595255402e-06,4.11318855606344e-06,3.28669994136029e-06,2.5475828183258e-06,1.91550101682023e-06,1.39708144835855e-06,9.88430410307315e-07,3.58535535591236e-07,3.13104509644785e-08,9.31208450301464e-11,1.93160038852658e-18,2.18093320650262e-62,0
0,2.91737181194174e-65,2.32277805739121e-21,6.69318944076111e-14,2.07053273758272e-11,5.12517016766936e-10,3.18274726039461e-09,5.44758323094332e-09,9.22577127398916e-09,1.54773380924235e-08,2.57342260821335e-08,4.23987403661094e-08,6.9152171022611e-08,1.11475634085278e-07,1.77253311905379e-07,2.77377892242003e-07,4.26212211956525e-07,6.41691841060239e-07,9.44802935501603e-07,1.35816873702529e-06,1.9035580434869e-06,2.59830961090284e-06,3.45094130809291e-06,4.45653810512284e-06,5.5928068735261e-06,6.81784386559304e-06,8.07058573579058e-06,9.27455665071611e-06,1.03449112546704e-05,1.1198025251255e-05,1.17621907150248e-05,1.19875379692035e-05,1.18532856139177e-05,1.13708613328661e-05,1.0582249398697e-05,9.55390238181682e-06,8.36744745024465e-06,7.10899319540377e-06,5.85897162409064e-06,4.68413597984952e-06,3.63270404941661e-06,2.7328849631813e-06,1.99435494598246e-06,1.41179852676391e-06,5.13581557293086e-07,4.51780545303096e-08,1.36779689776924e-10,2.9445564078525e-18,3.35827299515219e-62,0
0,6.28893729192631e-65,5.00717990575275e-21,1.44178745802006e-13,4.27919479672555e-11,9.71401528443417e-10,5.54769062216063e-09,9.31258066895111e-09,1.54432320847777e-08,2.53404461400792e-08,4.11917907139634e-08,6.63696777513865e-08,1.05976948931566e-07,1.6754455088962e-07,2.61843595615182e-07,4.03706145083917e-07,6.12659164411474e-07,9.13080130186075e-07,1.33351114488299e-06,1.90476324642291e-06,2.65654778068993e-06,3.61261562022521e-06,4.78476024349743e-06,6.16648833758388e-06,7.72756994647491e-06,9.41090502711425e-06,1.11330498146305e-05,1.27892627874783e-05,1.42630931144169e-05,1.54395060098765e-05,1.62195780047542e-05,1.65341852137059e-05,1.63540662088716e-05,1.56942355431377e-05,1.46118353645639e-05,1.31978624742328e-05,1.15644430325195e-05,9.83013024105506e-06,8.10589008053734e-06,6.48401868684609e-06,5.03137249494781e-06,3.78725821926099e-06,2.7653997731824e-06,1.95877427903616e-06,7.14696372960037e-07,6.33429061684653e-08,1.95240062305816e-10,4.35437072128929e-18,5.01184186745473e-62,0
0,1.31392468331259e-64,1.0461317953352e-20,3.01041874344075e-13,8.61617897384475e-11,1.80059108097216e-09,9.55208346804429e-09,1.57561191498323e-08,2.56284994305564e-08,4.11827434495157e-08,6.54838574820099e-08,1.03158701302989e-07,1.6109645966456e-07,2.49348296385898e-07,3.82181349730294e-07,5.79153676700758e-07,8.65957670289051e-07,1.274650186349e-06,1.84278817522574e-06,2.6109754649609e-06,3.61845911886705e-06,4.89673230314414e-06,6.46159728563742e-06,8.30474050884251e-06,1.03864235558278e-05,1.26312060710397e-05,1.4928506873769e-05,1.71391777773739e-05,1.91081559314611e-05,2.06818875361629e-05,2.17279227779767e-05,2.2153250469136e-05,2.1917865224525e-05,2.10408358173726e-05,1.95976169498148e-05,1.77091491572228e-05,1.55249505323373e-05,1.3203493226608e-05,1.08934295576017e-05,8.7186846394084e-06,6.76928855415001e-06,5.09843982012985e-06,3.72504292354926e-06,2.64011740108079e-06,9.66286410752244e-07,8.63026111136102e-08,2.70814036289844e-10,6.24598986504474e-18,7.24913941697639e-62,0
0,2.66054986766288e-64,2.11829935209256e-20,6.09259514053618e-13,1.68938562691391e-10,3.26300442142701e-09,1.6212223501123e-08,2.63283239083132e-08,4.2085599714134e-08,6.63400857498586e-08,1.03312839111403e-07,1.59216300535136e-07,2.43115816382769e-07,3.68042939186193e-07,5.52311316688952e-07,8.20874665548519e-07,1.20641340902949e-06,1.74966703107275e-06,2.49839420194002e-06,3.50431576688719e-06,4.81755579580667e-06,6.47849768904731e-06,8.50760964699266e-06,1.08945705880197e-05,1.35887533607313e-05,1.64935452959362e-05,1.94668663817002e-05,2.2329447274852e-05,2.4881004903866e-05,2.69226736286041e-05,2.8282359802371e-05,2.88385848543036e-05,2.85382544724769e-05,2.74047714679658e-05,2.5534805528751e-05,2.30843700651509e-05,2.02470216527584e-05,1.72284337900228e-05,1.42219752921677e-05,1.1389234215365e-05,8.84795590787326e-06,6.66807221125743e-06,4.87486938745475e-06,3.45723138361381e-06,1.26939120629788e-06,1.14267552152091e-07,3.65010138797959e-10,8.68994550044534e-18,1.01620955530201e-61,0
0,5.22131699457935e-64,4.15715282272929e-20,1.19514580687627e-12,3.22400359079553e-10,5.77970302074756e-09,2.70716820653785e-08,4.33599593423291e-08,6.82434929279813e-08,1.0572477735216e-07,1.61526728734366e-07,2.4382378479963e-07,3.64251068300781e-07,5.39220315117522e-07,7.91494826539871e-07,1.15184096785567e-06,1.66038342319517e-06,2.36707491408726e-06,3.33051163304214e-06,4.61427635393935e-06,6.2801742969566e-06,8.37821574868661e-06,1.09339918847465e-05,1.39350699698867e-05,1.73189633746454e-05,2.09657921135762e-05,2.46986322928272e-05,2.8293578785596e-05,3.14997708343758e-05,3.40673897681436e-05,3.57794902921006e-05,3.64821029128492e-05,3.61068426692488e-05,3.46814567161818e-05,3.23261090055505e-05,2.92361426323663e-05,2.56548065152024e-05,2.18412743107442e-05,1.8039796015513e-05,1.44549834128539e-05,1.12363916505941e-05,8.47330267863055e-06,6.19855113792367e-06,4.39881428638436e-06,1.62038786432402e-06,1.47030163920149e-07,4.78015113065359e-10,1.17258511449126e-17,1.3806634409142e-61,0
0,9.93107914766704e-64,7.90701152780039e-20,2.27235965633553e-12,5.98567971921903e-10,1.00044681573526e-08,4.44030201212751e-08,7.0247665905949e-08,1.0904817976399e-07,1.66349565715417e-07,2.49799695038611e-07,3.69952086826766e-07,5.41381084336081e-07,7.84156738363772e-07,1.12564296113463e-06,1.60242586404187e-06,2.26194966491729e-06,3.16316798793698e-06,4.37528447008282e-06,5.97357318242653e-06,8.03146567881015e-06,1.06086642067629e-05,1.37359950627832e-05,1.7398916859353e-05,2.15227576687923e-05,2.59634801590923e-05,3.05076788084103e-05,3.48843663055505e-05,3.87889630601507e-05,4.19171644933829e-05,4.40037067257172e-05,4.48592605805031e-05,4.4398378309207e-05,4.26528311758621e-05,3.97675397968073e-05,3.5979896552179e-05,3.15866638546804e-05,2.69049276447001e-05,2.22342602113689e-05,1.78262585882328e-05,1.38653961669353e-05,1.04623650498043e-05,7.65854383463311e-06,5.43846399283616e-06,2.01001712087162e-06,1.83856792432169e-07,6.08202286488135e-10,1.53446476863186e-17,1.8180260622057e-61,0
0,1.83071420173939e-63,1.45759368833137e-19,4.18760939406773e-12,1.08066807361285e-09,1.69198769003042e-08,7.14442074914747e-08,1.11779961633389e-07,1.71398516836027e-07,2.5789254876578e-07,3.81342203597801e-07,5.55127770135498e-07,7.97072717457546e-07,1.13099206199975e-06,1.58863581660648e-06,2.21184292177862e-06,3.05445278134509e-06,4.18319389440209e-06,5.67646973804177e-06,7.61982902395577e-06,1.0097100428423e-05,1.31768158877359e-05,1.68946594906295e-05,2.12341095692978e-05,2.61088514530496e-05,3.13514567722667e-05,3.67127808271428e-05,4.18752291553039e-05,4.64805363028062e-05,5.01694469719888e-05,5.26274992747147e-05,5.36289153514933e-05,5.30701629937433e-05,5.0986362823584e-05,4.75470775741308e-05,4.30322914481466e-05,3.7793441718804e-05,3.22071487445624e-05,2.66301545262703e-05,2.13628568674897e-05,1.66262056238949e-05,1.25534489163546e-05,9.19517509506375e-06,6.533970775176e-06,2.42301207313305e-06,2.2342996444332e-07,7.51773405729204e-10,1.94728858651233e-17,2.3201716323806e-61,0
0,3.27078790557517e-63,2.60416388249808e-19,7.47970074255293e-12,1.89651046560138e-09,2.79521665690563e-08,1.12651302012855e-07,1.74473836856371e-07,2.64578028063099e-07,3.93230049917865e-07,5.73532847598924e-07,8.22152213959127e-07,1.16036667595461e-06,1.61555589897698e-06,2.2231641632494e-06,3.02899052911154e-06,4.09135328791411e-06,5.48228693618609e-06,7.28655336265595e-06,9.59704694769127e-06,1.25053391167626e-05,1.60868001672151e-05,2.03809918134126e-05,2.53696812473026e-05,3.09565008235855e-05,3.69534167464718e-05,4.30792135472307e-05,4.89737856815733e-05,5.42291846629479e-05,5.84346180245147e-05,6.12288641435676e-05,6.23509448203771e-05,6.16792833831546e-05,5.92513443979451e-05,5.52595776587214e-05,5.00244145711779e-05,4.3949785926145e-05,3.74699151730238e-05,3.0997217722647e-05,2.48799051902223e-05,1.93749041693467e-05,1.4637917067303e-05,1.07289163399917e-05,7.62887053581478e-06,2.83856105082425e-06,2.63866372835515e-07,9.02646657556271e-10,2.39630486318648e-17,2.86977500308227e-61,0
0,5.66359175584625e-63,4.50928690944136e-19,1.29487517605734e-11,3.23400290194607e-09,4.50949522792268e-08,1.7393203554219e-07,2.66868741784143e-07,4.0060459837644e-07,5.88825557272924e-07,8.48315494916066e-07,1.19946077562946e-06,1.66704065137856e-06,2.2814735551773e-06,3.08062915567228e-06,4.11213022872513e-06,5.43573398768705e-06,7.12492913111155e-06,9.26641879130029e-06,1.1955865900492e-05,1.5288385488985e-05,1.93429756025154e-05,2.41614482079992e-05,2.97242896793674e-05,3.59278204188932e-05,4.25684084098036e-05,4.93396676250992e-05,5.58470991227649e-05,6.16415135798149e-05,6.62683693553081e-05,6.93259093906441e-05,7.05219232914346e-05,6.9718136673607e-05,6.69530948820229e-05,6.24386291700146e-05,5.65305091649878e-05,4.96792301444303e-05,4.23706564075311e-05,3.5067547550201e-05,2.81616940597843e-05,2.19430814724792e-05,1.65882656270303e-05,1.21661473777683e-05,8.65649268782688e-06,3.23171709367821e-06,3.02826407394414e-07,1.05268216554239e-09,2.85937721202012e-17,3.44019699275156e-61,0
0,9.50471772954947e-63,7.56754742571289e-19,2.17267316461326e-11,5.35675177579681e-09,7.10214047630113e-08,2.6280391496063e-07,3.99697599902318e-07,5.94386440157053e-07,8.64823554563297e-07,1.23216182638381e-06,1.72086342209863e-06,2.35902234957425e-06,3.17914488344067e-06,4.21960284480513e-06,5.52679933654112e-06,7.15772861026904e-06,9.18209310898898e-06,1.16825727070785e-05,1.47514309041712e-05,1.84816569788095e-05,2.2951523182801e-05,2.82028796881449e-05,3.42155606843446e-05,4.08824744874293e-05,4.79916025680805e-05,5.52214915067968e-05,6.21553653226388e-05,6.83156758695138e-05,7.3216330782645e-05,7.64251224251805e-05,7.76254015462885e-05,7.6664968970002e-05,7.35820413495466e-05,6.8602656938053e-05,6.21098858199303e-05,5.45910932595944e-05,4.65737231776067e-05,3.85616108598603e-05,3.09825157724328e-05,2.41540180054889e-05,1.82703133671386e-05,1.3408058294429e-05,9.5462648410135e-06,3.57569262447673e-06,3.37715312912717e-07,1.19228529611807e-09,3.30825837786695e-17,3.99692963608863e-61,0
0,1.54594568599642e-62,1.23086425329256e-18,3.53330669111669e-11,8.6160413437436e-09,1.09151651467399e-07,3.88397872006234e-07,5.85826981312702e-07,8.63541601658816e-07,1.24466520151669e-06,1.7553715400896e-06,2.42439148854849e-06,3.28262788754125e-06,4.36322131494032e-06,5.70242238983757e-06,7.3414723850802e-06,9.32931943685568e-06,1.17254129879225e-05,1.46011372640878e-05,1.80378926611747e-05,2.21197165650241e-05,2.69189413001978e-05,3.24748563606314e-05,3.87675365176572e-05,4.56914390616856e-05,5.3035306728745e-05,6.04755063666941e-05,6.75885788472627e-05,7.38853821597927e-05,7.88643647813488e-05,8.20764063564675e-05,8.31897922677198e-05,8.20425413631349e-05,7.86711145704762e-05,7.33091963418048e-05,6.63565759111876e-05,5.83244564717012e-05,4.97681141747454e-05,4.12196038407021e-05,3.31319305940675e-05,2.58424193043202e-05,1.95581465717418e-05,1.43616244571424e-05,1.02315290406477e-05,3.8447832205068e-06,3.65956784257387e-07,1.31135410942473e-09,3.71114998860505e-17,4.50067259413643e-61,0
0,2.43700805566276e-62,1.94031790812762e-18,5.56912174624639e-11,1.34537461570179e-08,1.63629446607406e-07,5.61209746026573e-07,8.39837810759976e-07,1.22771850989169e-06,1.75402927654661e-06,2.45048320065963e-06,3.35000119889437e-06,4.48536606376778e-06,5.88832610217541e-06,7.58968121854239e-06,9.62076037711395e-06,1.20163132990507e-05,1.4818187398981e-05,1.80783549312986e-05,2.18591395144661e-05,2.62282071752482e-05,3.12463734153128e-05,3.69477224073386e-05,4.33138274821416e-05,5.02465195738166e-05,5.75458705556421e-05,6.49009332042403e-05,7.189961554682e-05,7.80607089700447e-05,8.28861046244486e-05,8.5925852455211e-05,8.68445071764296e-05,8.54755595844839e-05,8.18523890095525e-05,7.62088377825046e-05,6.89490056269186e-05,6.05924268688042e-05,5.17056680182072e-05,4.28333752561408e-05,3.44406250308237e-05,2.68747189405174e-05,2.03495740367517e-05,1.49510139593707e-05,1.06577068971029e-05,4.01749589615651e-06,3.85301424987743e-07,1.40045565038e-09,4.03629326190876e-17,4.91174787593927e-61,0
0,3.72329479284493e-62,2.96444467823358e-18,8.50763488360799e-11,2.0389470204145e-08,2.3915405633371e-07,7.92495521132695e-07,1.17711476382219e-06,1.7072594684861e-06,2.41892086207938e-06,3.34961239824694e-06,4.5359661174571e-06,6.01118471964489e-06,7.80297138701014e-06,9.93268149491724e-06,1.24163490524157e-05,1.5267843590942e-05,1.85036916197304e-05,2.21481588596991e-05,2.62362941063973e-05,3.08121584827602e-05,3.59197924974898e-05,4.15858467625934e-05,4.77951473856336e-05,5.44633067560269e-05,6.14129921875971e-05,6.83616565044443e-05,7.49276425450064e-05,8.06583695362887e-05,8.50793195180156e-05,8.77570002753732e-05,8.83645794057447e-05,8.67369309630901e-05,8.29032106132422e-05,7.70895826304413e-05,6.96911926154098e-05,6.12191369542008e-05,5.22332230760443e-05,4.32734954812244e-05,3.48024848403419e-05,2.71665213614079e-05,2.05794881129832e-05,1.51275097567728e-05,1.0789443993592e-05,4.07936267114369e-06,3.94120018201504e-07,1.45204769096399e-09,4.25605678697617e-17,5.19520199341701e-61,0
0,5.51322359660197e-62,4.38956549391207e-18,1.2596396097705e-10,2.99851931909075e-08,3.40615904461482e-07,1.09322331669684e-06,1.61234045933383e-06,2.32109337085461e-06,3.26279843500383e-06,4.48063558084516e-06,6.0139379247078e-06,7.89424238926044e-06,1.01419085048914e-05,1.27642880695522e-05,1.57563635920556e-05,1.91043590124506e-05,2.27920300783188e-05,2.68082684553433e-05,3.1153573634676e-05,3.58422651514517e-05,4.08974563334492e-05,4.63370785690099e-05,5.21516000335921e-05,5.82770658448974e-05,6.45698506692536e-05,7.07910401907398e-05,7.66078005376314e-05,8.16161511431055e-05,8.53846925418157e-05,8.75132612428108e-05,8.76958108087131e-05,8.57745656772061e-05,8.177352930106e-05,7.59036294525472e-05,6.85380418724254e-05,6.01628066271335e-05,5.1312941127088e-05,4.25065845790547e-05,3.41888975974321e-05,2.66940356117518e-05,2.02287201868716e-05,1.48761561220935e-05,1.06154448873599e-05,4.02493303166598e-06,3.91629111530385e-07,1.46152902496906e-09,4.35080139335364e-17,5.32569801044063e-61,0
0,7.91209539209705e-62,6.29951974576127e-18,1.80758159559725e-10,4.27827396102501e-08,4.72504055097562e-07,1.47254659717273e-06,2.15736297336743e-06,3.08384303712149e-06,4.30276222646897e-06,5.8623097964267e-06,7.80287311864047e-06,1.0151559532352e-05,1.29174784037173e-05,1.60890206781081e-05,1.96343176402639e-05,2.35056139071847e-05,2.76474115846873e-05,3.20070359669235e-05,3.65450177284272e-05,4.12418098800768e-05,4.60973267913822e-05,5.11209387359591e-05,5.63118871169027e-05,6.1633169815496e-05,6.69849375704292e-05,7.21852933599698e-05,7.69661985152295e-05,8.09895864838367e-05,8.38841608803686e-05,8.529785691036e-05,8.49561702373699e-05,8.27140322132597e-05,7.85895541842959e-05,7.27717349822989e-05,6.56001054262585e-05,5.75206070951833e-05,4.90270170592431e-05,4.05996631913881e-05,3.2652603810581e-05,2.54973504793111e-05,1.93267219689899e-05,1.42178746716066e-05,1.01500845080943e-05,3.85856661289545e-06,3.78005797983629e-07,1.42791625396337e-09,4.31177485182889e-17,5.29125097498137e-61,0
0,1.10048758688532e-61,8.76195614263184e-18,2.51398475847344e-10,5.92139821147598e-08,6.38093927276355e-07,1.93585504826321e-06,2.81852912416052e-06,4.00229372862949e-06,5.5450288065623e-06,7.49866281264048e-06,9.90230748109786e-06,1.27752221078271e-05,1.61108727800501e-05,1.98735795016291e-05,2.39991678382594e-05,2.84005383365895e-05,3.2978096842528e-05,3.76336581743968e-05,4.22850310314578e-05,4.68774541858466e-05,5.13878708573238e-05,5.58190600110752e-05,6.01829317295728e-05,6.44754357977185e-05,6.86486997379377e-05,7.25881516959432e-05,7.61025624432945e-05,7.89327237408724e-05,8.07801825256641e-05,8.13521411444822e-05,8.04138499706527e-05,7.78370679161991e-05,7.3633398827793e-05,6.79645660636334e-05,6.11270557128895e-05,5.3514490285249e-05,4.55659214116515e-05,3.771071152544e-05,3.03203594495638e-05,2.36749146876302e-05,1.79475460923529e-05,1.32066313198579e-05,9.43147539250363e-06,3.59386629293426e-06,3.54368397369155e-07,1.35400914548692e-09,4.14244525313424e-17,5.09504369539971e-61,0
0,1.48349643460989e-61,1.18114287253707e-17,3.38875090810235e-10,7.9490691856918e-08,8.38483135235021e-07,2.48258734306391e-06,3.59374456798167e-06,5.07158284346172e-06,6.98017538260812e-06,9.37328636826169e-06,1.22857859161855e-05,1.57251437309037e-05,1.96645312707772e-05,2.40392645254404e-05,2.87481804850852e-05,3.36609472152179e-05,3.86312334930906e-05,4.35142261420876e-05,4.81854736274828e-05,5.2556895079355e-05,5.6585514500314e-05,6.02714294823007e-05,6.36437634380412e-05,6.67365062888028e-05,6.955942296778e-05,7.20715680297403e-05,7.41654491280824e-05,7.56680551735175e-05,7.63610469564519e-05,7.60173743416912e-05,7.4446884105129e-05,7.1540571965158e-05,6.73029685241437e-05,6.18648426565196e-05,5.54731727415503e-05,4.84607664067106e-05,4.12024525455799e-05,3.40672431798786e-05,2.73757998322516e-05,2.13702583994424e-05,1.61998744821623e-05,1.19221777210397e-05,8.51634534712611e-06,3.25185175855524e-06,3.22625581146065e-07,1.24600654935018e-09,3.85799163347027e-17,4.75494163494383e-61,0
0,1.93818661778784e-61,1.54316198914873e-17,4.42719054156221e-10,1.03489235837971e-07,1.07161248277429e-06,3.10413294385977e-06,4.46970767766407e-06,6.27170181679339e-06,8.57890996998537e-06,1.14444684426425e-05,1.48955681465474e-05,1.8923684315733e-05,2.34771301966305e-05,2.84578712481814e-05,3.37242835093266e-05,3.9100817630433e-05,4.43943403756163e-05,4.94154053114184e-05,5.40011502647448e-05,5.80353605579738e-05,6.14609425526415e-05,6.42809736515419e-05,6.65466941001686e-05,6.83339327608153e-05,6.97127582486413e-05,7.0717629222595e-05,7.13260687078892e-05,7.14524143855869e-05,7.09596764230486e-05,6.96878408746174e-05,6.74924287827794e-05,6.42841328430972e-05,6.00598424023973e-05,5.49175029921829e-05,4.905137966816e-05,4.27291522204432e-05,3.62564556450029e-05,2.99368902418624e-05,2.40356927545123e-05,1.87534216189629e-05,1.42129436061794e-05,1.04597119962641e-05,7.47267401988942e-06,2.8582116192859e-06,2.85222030094001e-07,1.11264576572126e-09,3.48305572200272e-17,4.30080938017698e-61,0
0,2.45421383243489e-61,1.95401694772523e-17,5.6056727069827e-10,1.3065278506617e-07,1.33147013165601e-06,3.78227064304563e-06,5.41991828862149e-06,7.56508816080554e-06,1.02893366270123e-05,1.36423248258514e-05,1.76399419708465e-05,2.22535861431032e-05,2.74026886708972e-05,3.29525717266098e-05,3.8719306723948e-05,4.44823490449466e-05,5.00044094662504e-05,5.50564521969057e-05,5.94441832175887e-05,6.3031313226968e-05,6.57546687355583e-05,6.76271886803045e-05,6.87270211780915e-05,6.91739911030277e-05,6.90979410075766e-05,6.86059366206068e-05,6.77562169993627e-05,6.65455801362576e-05,6.49137577646376e-05,6.27640210314299e-05,5.99949832175658e-05,5.65355922454055e-05,5.23745250517134e-05,4.75768165009517e-05,4.22840377683358e-05,3.66985952888437e-05,3.10564988771497e-05,2.55952446441021e-05,2.05238176062797e-05,1.60004059569563e-05,1.2120883009306e-05,8.9183098399059e-06,6.37140870595831e-06,2.44013099182108e-06,2.44827636409372e-07,9.64031590310407e-10,3.04821697951565e-17,3.77018728129004e-61,0
0,3.01187493003318e-61,2.39802032706017e-17,6.87919639834887e-10,1.59937622900021e-07,1.60770694107789e-06,4.48864154770674e-06,6.40412157559686e-06,8.89614927995272e-06,1.20367439112181e-05,1.58691293074688e-05,2.03944727860771e-05,2.55606139904755e-05,3.12551366514299e-05,3.73049618584632e-05,4.34839975754917e-05,4.95292803083271e-05,5.5164599256374e-05,6.01290095130002e-05,6.42062204165883e-05,6.72499490406297e-05,6.92003066320433e-05,7.00873681193716e-05,7.00202536657151e-05,6.91629969590012e-05,6.77015441530698e-05,6.58085952288969e-05,6.36138998461618e-05,6.11866205127107e-05,5.85335826159337e-05,5.56133203160175e-05,5.23618732838892e-05,4.87234267169646e-05,4.46779340287419e-05,4.02590434136821e-05,3.55585324409648e-05,3.07171126994358e-05,2.59048100279934e-05,2.1296264631513e-05,1.70467982305093e-05,1.3274066359694e-05,1.00480803295305e-05,7.39006300283996e-06,5.27865114787701e-06,2.02323611155396e-06,2.04025107006901e-07,8.10373556593189e-10,2.58589029979508e-17,3.20319501324622e-61,0
0,3.58235971686376e-61,2.85223378085961e-17,8.18196653022808e-10,1.89828016120079e-07,1.88586872095185e-06,5.18568883426285e-06,7.36975282139691e-06,1.01934265054523e-05,1.37267615779372e-05,1.80037960002765e-05,2.30081958292654e-05,2.8661872993677e-05,3.4819171751172e-05,4.12688200768926e-05,4.77449342599679e-05,5.39470327541071e-05,5.95674417405136e-05,6.43229172775378e-05,6.7986069202179e-05,7.04115565145451e-05,7.15522876272388e-05,7.1462130440074e-05,7.02838399421976e-05,6.82237097724851e-05,6.5517270491033e-05,6.23924804362931e-05,5.90376385069442e-05,5.55803361949021e-05,5.20812617785138e-05,4.85431630256009e-05,4.49316972601872e-05,4.12022373577839e-05,3.73256819967385e-05,3.33071577639025e-05,2.91938538407276e-05,2.5071322430315e-05,2.10504829343662e-05,1.72495130706405e-05,1.37754025871552e-05,1.0709241341434e-05,8.09773108924936e-06,5.95153738436115e-06,4.24948222736478e-06,1.62912464684038e-06,1.65046305783402e-07,6.60850007500384e-10,2.12640621590334e-17,2.6376159551357e-61,0
0,4.12961131280686e-61,3.28794923411319e-17,9.43164283789444e-10,2.18434646118846e-07,2.14836586779962e-06,5.82929334984302e-06,8.25567133214553e-06,1.13747411970465e-05,1.52522621463877e-05,1.99108887102774e-05,2.53150668261499e-05,3.13599811435716e-05,3.78673437824437e-05,4.45901665747455e-05,5.12274620338553e-05,5.74482419706599e-05,6.29224928150644e-05,6.73553140364559e-05,7.05194106538774e-05,7.22808742451406e-05,7.26138121971985e-05,7.16008995907712e-05,6.94191696266137e-05,6.63129776451548e-05,6.255856021476e-05,5.84263823251735e-05,5.41480181642476e-05,4.98933891154342e-05,4.57619074545906e-05,4.17879609628537e-05,3.79580114676355e-05,3.42342007839031e-05,3.05783710978072e-05,2.69710064903056e-05,2.34215107948684e-05,1.99688166899681e-05,1.66738002157914e-05,1.36067016002932e-05,1.08333818535329e-05,8.4037981968929e-06,6.34488404485489e-06,4.65854220981756e-06,3.32415051024207e-06,1.27378756448466e-06,1.29592891472134e-07,5.22769580760932e-10,1.69491562075209e-17,2.10497755084783e-61,0
0,4.61378004434026e-61,3.67343883314457e-17,1.05372272746208e-09,2.43675609959977e-07,2.37615980643446e-06,6.37300991840916e-06,8.99803417660364e-06,1.23550948435131e-05,1.65036684377746e-05,2.14536675647159e-05,2.71499827330738e-05,3.34621560344369e-05,4.01821182682892e-05,4.70320115019956e-05,5.36826318468314e-05,5.97812161048834e-05,6.49855118511498e-05,6.89996775160653e-05,7.16068525477374e-05,7.26933883493687e-05,7.22607607706459e-05,7.04229701049465e-05,6.73895175071265e-05,6.3436459022031e-05,5.88701385966965e-05,5.39895436835984e-05,4.90534624817051e-05,4.42576121270421e-05,3.97248066801819e-05,3.55084944081882e-05,3.16072679017416e-05,2.79859103861296e-05,2.45976748500131e-05,2.14029495489425e-05,1.83810162668229e-05,1.55337383042458e-05,1.28820953871131e-05,1.04579771231617e-05,8.29426340185127e-06,6.41596270429994e-06,4.83429481893165e-06,3.54446312259335e-06,2.52682069094945e-06,9.67023684440403e-07,9.87563844914661e-08,4.0112133167957e-10,1.30951363899599e-17,1.6281375835175e-61,0
0,4.99588371094833e-61,3.97766539635317e-17,1.14097057724635e-09,2.63519696032955e-07,2.55097679238334e-06,6.77342694997093e-06,9.53764713432738e-06,1.30564308000101e-05,1.7381500880732e-05,2.2509693673033e-05,2.8367551113794e-05,3.48020378019405e-05,4.1580388534436e-05,4.84009341940363e-05,5.4915000239664e-05,6.07579569004597e-05,6.55856538177724e-05,6.91112065327238e-05,7.1136705206559e-05,7.15749855953556e-05,7.04580404841048e-05,6.79307010548071e-05,6.42305299430397e-05,5.96570524195298e-05,5.45351355535064e-05,4.91781976582623e-05,4.38568007745571e-05,3.87770317061476e-05,3.40711091573261e-05,2.9800264784735e-05,2.59676589076732e-05,2.25374247757837e-05,1.94552508656586e-05,1.66663057172858e-05,1.41275897347851e-05,1.1813546409335e-05,9.71548209898365e-06,7.83660293214103e-06,6.18504393463493e-06,4.7671342642961e-06,3.58250023680967e-06,2.62174027293437e-06,1.86659239263771e-06,7.12754289228197e-07,7.30322777435702e-08,2.98517389174136e-10,9.80679234020313e-18,1.22051314241398e-61,0
0,5.24294715476878e-61,4.17437448070576e-17,1.19737841215454e-09,2.76254025750765e-07,2.65770669018554e-06,6.99583040347862e-06,9.8276737002107e-06,1.34177778511862e-05,1.78092721591062e-05,2.2986652436656e-05,2.88608143919269e-05,3.52610274077435e-05,4.19368547220617e-05,4.8571655187831e-05,5.48073305250088e-05,6.02778135479671e-05,6.46469242831315e-05,6.7645102504571e-05,6.90994323712924e-05,6.89523372368271e-05,6.7266131444612e-05,6.42128963532755e-05,6.00514625800433e-05,5.50952243737102e-05,4.96757760379497e-05,4.41077629327236e-05,3.86598390349108e-05,3.35353214787311e-05,2.88642712050631e-05,2.47066622981389e-05,2.10644394970836e-05,1.78989774300151e-05,1.51499880146674e-05,1.27523141618424e-05,1.06481245629812e-05,8.79345325328961e-06,7.15942139759197e-06,5.72951060533167e-06,4.4947466848297e-06,3.44859540954799e-06,2.58290866608298e-06,1.8856073388325e-06,1.34016041095503e-06,5.10004549912157e-07,5.24069650701532e-08,2.15458877417662e-10,7.11859590705819e-18,8.86750709262854e-62,0
0,5.33269033223998e-61,4.24582697069035e-17,1.21785925627964e-09,2.80727625326675e-07,2.68655459748399e-06,7.01915960677452e-06,9.84032739134944e-06,1.34039719473233e-05,1.77444444722482e-05,2.28356039892594e-05,2.85766433177534e-05,3.47854208382919e-05,4.12022288180378e-05,4.7505399624218e-05,5.33380310112309e-05,5.83428562200111e-05,6.22004388836223e-05,6.46649111028332e-05,6.55916549512449e-05,6.49526222990988e-05,6.28370935115904e-05,5.94381200684438e-05,5.50271745004293e-05,4.99212291319799e-05,4.44473535493086e-05,3.89098914414332e-05,3.35644396098803e-05,2.8601410952579e-05,2.41401996198318e-05,2.02331963573671e-05,1.68774325854628e-05,1.40307092890264e-05,1.16288242647076e-05,9.60093386152253e-06,7.88101180785306e-06,6.41453388005085e-06,5.16063052929691e-06,4.09076991250119e-06,3.1854320011713e-06,2.4302114257121e-06,1.8124500300215e-06,1.31901266865559e-06,9.35342050121805e-07,3.54252749207854e-07,3.64878682461535e-08,1.50811511229105e-10,5.00850312888377e-18,6.24407850005853e-62,0
0,5.25684261561855e-61,4.18543788722621e-17,1.20052532013853e-09,2.76522999717909e-07,2.63452133698556e-06,6.83927602918675e-06,9.57122444333112e-06,1.30112304355667e-05,1.71852789579146e-05,2.205903241118e-05,2.75247408748816e-05,3.33959270158147e-05,3.9412629871015e-05,4.52583706181435e-05,5.05878159369356e-05,5.50618471647334e-05,5.83849665732323e-05,6.0339167795876e-05,6.08088054331199e-05,5.97925394570898e-05,5.74007327206394e-05,5.38392036195786e-05,4.93824318206352e-05,4.43407701961183e-05,3.90267347388264e-05,3.37250517341336e-05,2.86700320260879e-05,2.40323025495355e-05,1.99152646339486e-05,1.63601483867199e-05,1.33574141500562e-05,1.08616548024005e-05,8.80711776071713e-06,7.1214307664528e-06,5.73592807588593e-06,4.59192460009548e-06,3.64316048844405e-06,2.85527001726511e-06,2.20343226771216e-06,1.66934584113902e-06,1.23841928901244e-06,8.97704139515308e-07,6.34736286358301e-07,2.3885621110008e-07,2.46465538069393e-08,1.02366137071433e-10,3.41557671638742e-18,4.26130764956803e-62,0
0,5.02240013273712e-61,3.99877746717866e-17,1.14697502971218e-09,2.64020272772592e-07,2.5059031582512e-06,6.46984541910064e-06,9.04045814979287e-06,1.22683649714654e-05,1.61720674026732e-05,2.07118909041312e-05,2.57781967401904e-05,3.11873271656402e-05,3.66878597675034e-05,4.19781059987665e-05,4.67336192844392e-05,5.06412747068216e-05,5.34348170894886e-05,5.49261199303234e-05,5.50269709635875e-05,5.37578861339977e-05,5.12428402779582e-05,4.76913122454057e-05,4.33711081539444e-05,3.85766491558261e-05,3.35976398709303e-05,2.86923665739453e-05,2.40685795123561e-05,1.98733329420981e-05,1.6191613559022e-05,1.30523320530068e-05,1.04394349180245e-05,8.30556893097701e-06,6.58586848598517e-06,5.20993769380492e-06,4.1108194559932e-06,3.23051794295921e-06,2.52231714320114e-06,1.95060726227642e-06,1.48914557520594e-06,1.11865593781224e-06,8.24477846830754e-07,5.94701138409157e-07,4.18950965631194e-07,1.56325561659734e-07,1.61501751003469e-08,6.73764428460913e-11,2.25766357516277e-18,2.81854615172931e-62,0
0,4.65056126383166e-61,3.70272361812319e-17,1.0620498685705e-09,2.4434026259993e-07,2.31169763569461e-06,5.94060282831925e-06,8.29009661601358e-06,1.12332653146887e-05,1.4782316808228e-05,1.88951734120346e-05,2.34651210512909e-05,2.83178593200965e-05,3.32182720112429e-05,3.78876461677651e-05,4.20299957607679e-05,4.53640758948449e-05,4.76561556928981e-05,4.87481000824035e-05,4.85759843993945e-05,4.7176194725066e-05,4.46783245521628e-05,4.12865826647797e-05,3.72533203440557e-05,3.28492926445362e-05,2.83352776606473e-05,2.39388326491651e-05,1.98385799079964e-05,1.61568573650438e-05,1.29601624779047e-05,1.02657811395757e-05,8.05242249831842e-06,6.27256824065452e-06,4.86451003611584e-06,3.76256921118519e-06,2.90463156474289e-06,2.23675833577291e-06,1.71514815082223e-06,1.30606004931829e-06,9.84445757723408e-07,7.32004011353428e-07,5.35214644373673e-07,3.83701117692323e-07,2.69066888314621e-07,9.93088217890263e-08,1.02654713379048e-08,4.30001268823686e-11,1.44640669729774e-18,1.80682102981197e-62,0
0,4.17356474426138e-61,3.32294445194232e-17,9.53112294108188e-10,2.19178347410555e-07,2.06803142489518e-06,5.29331093131526e-06,7.37854225426019e-06,9.98525595767341e-06,1.31206909875165e-05,1.67430581590382e-05,2.07526805791955e-05,2.4989958520026e-05,2.92421909621428e-05,3.32598028552695e-05,3.67806196903272e-05,3.95589498444395e-05,4.13948906460162e-05,4.21588752279536e-05,4.18071895789695e-05,4.03858682051949e-05,3.80226058651659e-05,3.49085438881835e-05,3.12734767964517e-05,2.73588366012022e-05,2.33926687238424e-05,1.95698835368468e-05,1.60396798929531e-05,1.29005625291822e-05,1.02021229197303e-05,7.95191047077556e-06,6.12534380268197e-06,4.67665122607127e-06,3.54917386311826e-06,2.68388070330481e-06,2.02550631200198e-06,1.52622811526972e-06,1.1471837994433e-06,8.58358723378435e-07,6.37449936129813e-07,4.68265496359778e-07,3.39089459526164e-07,2.41282283057039e-07,1.68234674809895e-07,6.12370204554706e-08,6.3289361538717e-09,2.66086524693647e-11,8.98162388192626e-19,1.12256849198914e-62,0
0,3.63008392193141e-61,2.89023124533332e-17,8.28993970537426e-10,1.90563311435985e-07,1.79392509869831e-06,4.57619073249374e-06,6.37282816377572e-06,8.61476369443762e-06,1.13055735136824e-05,1.44059652093224e-05,1.782638826171e-05,2.14257148171251e-05,2.50177221417393e-05,2.83857777584579e-05,3.13044337572165e-05,3.3564983189564e-05,3.50008744866544e-05,3.55085808574843e-05,3.50602200185424e-05,3.3705773541115e-05,3.1564777639257e-05,2.88093368689966e-05,2.56417728633005e-05,2.22708608331836e-05,1.88903720456651e-05,1.56627061272022e-05,1.2709083381028e-05,1.01064259246797e-05,7.88997024970107e-06,6.05998087465969e-06,4.59070232120538e-06,3.43982228000481e-06,2.55709764180928e-06,1.89128339476206e-06,1.39498948208339e-06,1.0274945747329e-06,7.55826990652184e-07,5.54572122974149e-07,4.04897183236201e-07,2.93227614523328e-07,2.09901612330488e-07,1.48004955069097e-07,1.02475521848852e-07,3.66542535874926e-08,3.78446456123771e-09,1.59643278102988e-11,5.40567638757594e-19,6.75955779073828e-63,0
0,3.06008789406675e-61,2.43640693576045e-17,6.98822284226151e-10,1.60588726387963e-07,1.50882858433551e-06,3.83787710422946e-06,5.34029602379435e-06,7.21221631522461e-06,9.45472279629378e-06,1.20326046670596e-05,1.48683518935358e-05,1.78413646153828e-05,2.07938094510645e-05,2.35434063202824e-05,2.59019756429135e-05,2.76971692727941e-05,2.87938418361941e-05,2.91113009620136e-05,2.86333195122605e-05,2.7409169454256e-05,2.55457019093005e-05,2.31922014701792e-05,2.05209703551357e-05,1.77070926401437e-05,1.4910553932082e-05,1.22630152062109e-05,9.86035559274994e-06,7.76092462354065e-06,5.98852859970849e-06,4.53864860027878e-06,3.38625764438527e-06,2.4937900910144e-06,1.81819274838531e-06,1.3164291654266e-06,9.49218328300335e-07,6.83106808579035e-07,4.91175848340705e-07,3.52776008852919e-07,2.5268311697385e-07,1.80009483592669e-07,1.27113613066911e-07,8.86554124053283e-08,6.08604746860174e-08,2.12984769022086e-08,2.1946941807487e-09,9.28618994157796e-12,3.15336105004555e-19,3.94485866213981e-63,0
0,2.50010852687469e-61,1.99055777671511e-17,5.70939561868884e-10,1.31165854513431e-07,1.23037117897188e-06,3.12196688617233e-06,4.34111693538125e-06,5.85810835884683e-06,7.67250020894373e-06,9.75408970796566e-06,1.20381630292851e-05,1.44250713629593e-05,1.67852861035784e-05,1.89701273952541e-05,2.08271550289407e-05,2.22180528065657e-05,2.30360534974624e-05,2.32197964438754e-05,2.27610749525516e-05,2.17051011595166e-05,2.01433994851747e-05,1.82008559685566e-05,1.60194515619967e-05,1.37415810010741e-05,1.14955815961068e-05,9.3853189053657e-06,7.48465587000015e-06,5.83664172818679e-06,4.45650733308785e-06,3.33714905733009e-06,2.45572154455148e-06,1.78015976472134e-06,1.27479801125747e-06,9.04636684221954e-07,6.38144762751082e-07,4.48731762607303e-07,3.15165913331819e-07,2.21266629539424e-07,1.55182589972685e-07,1.08508621203762e-07,7.54192522016628e-08,5.19226980610108e-08,3.52778307724394e-08,1.20152593297559e-08,1.23428513619842e-09,5.23684294428536e-12,1.78288689173844e-19,2.2312710747112e-63,0
0,1.97966427992188e-61,1.57618602764193e-17,4.52086461608424e-10,1.03837210681491e-07,9.72678794679233e-07,2.46299953655298e-06,3.42280154926964e-06,4.61574709459627e-06,6.04060218205478e-06,7.67249478172484e-06,9.4592584202192e-06,1.13212449551228e-05,1.31555084128476e-05,1.48444886710533e-05,1.62683576967692e-05,1.7319268300032e-05,1.79151283760568e-05,1.8010416227801e-05,1.76020256128659e-05,1.67290867063592e-05,1.54669116159297e-05,1.39163509337077e-05,1.21906392003479e-05,1.04020828257465e-05,8.65068954755839e-06,7.01618219547978e-06,5.5539959263012e-06,4.29505288602138e-06,3.24851296900479e-06,2.40639585109345e-06,1.74894940062758e-06,1.24983025657888e-06,8.80463941173929e-07,6.13270683426434e-07,4.2371247441474e-07,2.91303363159381e-07,1.99823968311112e-07,1.37006777019951e-07,9.39336536611691e-08,6.4334276646163e-08,4.39130688968856e-08,2.97757703504348e-08,1.99824092092587e-08,6.58180728980437e-09,6.73142601204881e-10,2.8630815883856e-12,9.77008811595367e-20,1.22315346082562e-63,0
0,1.51925948961468e-61,1.209617006359e-17,3.46945132702058e-10,7.96725592511122e-08,7.45452160326509e-07,1.88432197648997e-06,2.61731170552022e-06,3.52748032334131e-06,4.61330903810215e-06,5.85509232179195e-06,7.2121993563133e-06,8.62302652934177e-06,1.00083255185957e-05,1.12779896115338e-05,1.23406319116213e-05,1.31145770834808e-05,1.3538417214067e-05,1.35792098882855e-05,1.32367761528048e-05,1.25433107443955e-05,1.15584578082768e-05,1.03608893290993e-05,9.03803030524485e-06,7.67577342208598e-06,6.34980824759721e-06,5.119659975876e-06,4.02586218729103e-06,3.09005626161615e-06,2.31735180525739e-06,1.70005998800508e-06,1.22191469353413e-06,8.62063389538096e-07,5.98358410726226e-07,4.09734282922245e-07,2.7766548487379e-07,1.8683735466938e-07,1.25230006146357e-07,8.38252249853008e-08,5.61192904778809e-08,3.75796474917002e-08,2.51350787256154e-08,1.67468101059955e-08,1.10762419811958e-08,3.50167873586266e-09,3.55982760923035e-10,1.51746385625097e-12,5.18914855323482e-20,6.49856229980071e-64,0
0,1.13000429349061e-61,8.99696477132337e-18,2.58052456202968e-10,5.92496202276944e-08,5.5382195754322e-07,1.39785786252871e-06,1.94079369615868e-06,2.61442064112099e-06,3.41725089664933e-06,4.33424082601102e-06,5.33479641748281e-06,6.37279831666573e-06,7.38915082276134e-06,8.31690617583622e-06,9.08845359454405e-06,9.64373052116097e-06,9.93806465014024e-06,9.9482076130732e-06,9.6754138724078e-06,9.14499216119237e-06,8.40246794354368e-06,7.50715968759908e-06,6.5244228261513e-06,5.51795513234248e-06,4.5433812883438e-06,3.6439237413014e-06,2.84845363048112e-06,2.17173679043202e-06,1.6163478952483e-06,1.17556668986377e-06,8.36583872619305e-07,5.83481286900318e-07,3.99647044628807e-07,2.69482423196604e-07,1.7941419277418e-07,1.18326148907492e-07,7.75682717266041e-08,5.07035718113012e-08,3.31277218018871e-08,2.1660093730578e-08,1.41678861861395e-08,9.25410609682638e-09,6.01786611512173e-09,1.8098741213935e-09,1.82542249641266e-10,7.79673485082101e-13,2.6712538589824e-20,3.34627285403403e-64,0
0,8.14584148454956e-62,6.48562569992502e-18,1.86021468294633e-10,4.27052558034859e-08,3.98846934672669e-07,1.00543955340131e-06,1.39545724675152e-06,1.87902283977794e-06,2.45484639180235e-06,3.11184856026103e-06,3.82774855999152e-06,4.56911891644424e-06,5.29326772546871e-06,5.95197925703606e-06,6.49673580259251e-06,6.88465867989946e-06,7.08415571334486e-06,7.07923188038035e-06,6.87163708393106e-06,6.48044619808567e-06,5.93918607830093e-06,5.2911072790496e-06,4.58352328006331e-06,3.86223604673752e-06,3.16693144108119e-06,2.52812195100902e-06,1.96583530837747e-06,1.48989700396203e-06,1.10140746791154e-06,7.94903738323255e-07,5.6071209103299e-07,3.87104718094142e-07,2.62021463652511e-07,1.7426316405373e-07,1.14177234203359e-07,7.39267670497894e-08,4.7463476044106e-08,3.03224728848723e-08,1.93359173520122e-08,1.23344002186284e-08,7.87757662770979e-09,5.03347489638532e-09,3.21054344002005e-09,9.09117173781643e-10,9.07600176373178e-11,3.8833563263832e-13,1.33276722887185e-20,1.66998718734332e-64,0
0,3.45354971005902e-62,2.74967672739973e-18,7.88661002217617e-11,1.80977258954986e-08,1.68588219763517e-07,4.23326908265113e-07,5.86876791055681e-07,7.8921297569705e-07,1.02950187576464e-06,1.30273666283476e-06,1.59917266464392e-06,1.90439910719637e-06,2.2001963236311e-06,2.46618337026913e-06,2.68208419477704e-06,2.83027530934072e-06,2.89817284750197e-06,2.8800088420521e-06,2.77764696024569e-06,2.60027648980479e-06,2.3630527851199e-06,2.08496273937123e-06,1.7863315959346e-06,1.48642189229034e-06,1.20150685326193e-06,9.43657622051759e-07,7.20311324383279e-07,5.34531045430324e-07,3.85762803343479e-07,2.70852316807294e-07,1.8510027084911e-07,1.23190185386277e-07,7.98945352181525e-08,5.05320401064194e-08,3.11990565243477e-08,1.88261738108717e-08,1.1119537535347e-08,6.44089852239849e-09,3.6675752767931e-09,2.05896293413875e-09,1.14348637758944e-09,6.30582922545929e-10,3.4656793689061e-10,5.017399076313e-11,4.22466862621532e-12,1.8216812867995e-14,6.30804955012405e-22,7.91473959396247e-66,0
0,3.96664577456041e-63,3.15819793769383e-19,9.05829608674708e-12,2.07808276436591e-09,1.93264258243478e-08,4.84073115000693e-08,6.70605809882183e-08,9.01049309412035e-08,1.17423716096308e-07,1.48419306892582e-07,1.81950732471832e-07,2.16345471369733e-07,2.49502240333488e-07,2.79084754997379e-07,3.02785848321257e-07,3.18622213745779e-07,3.25208054897766e-07,3.21955358988594e-07,3.09160646088113e-07,2.87960433196073e-07,2.60164672858054e-07,2.28001998785069e-07,1.93826435862957e-07,1.59838746573382e-07,1.27866917257138e-07,9.92329121691281e-08,7.47121599655022e-08,5.45737843952761e-08,3.86773118107429e-08,2.65970569115477e-08,1.77478435027109e-08,1.14928163299804e-08,7.22296620808592e-09,4.40614007089095e-09,2.60919690535208e-09,1.50010421223518e-09,8.37474169477894e-10,4.54084836407997e-10,2.39172422092413e-10,1.22405802560504e-10,6.08887124300381e-11,2.94486964201787e-11,1.38538546426796e-11,3.4327430095744e-13,2.237116529835e-15,8.93933660700949e-18,3.11411922617495e-25,3.91080142879541e-69,0
0,2.00272899160949e-65,1.59454988686328e-21,4.57346199354212e-14,1.04917062521419e-11,9.75532317126034e-11,2.44263583535735e-10,3.38355988866411e-10,4.54576674969354e-10,5.92322967603406e-10,7.4856265121849e-10,9.17520772478609e-10,1.09074150659224e-09,1.25760998068968e-09,1.40633353120725e-09,1.52527774055217e-09,1.6044559723121e-09,1.63691066687113e-09,1.61972204393404e-09,1.55444152402396e-09,1.44686068978983e-09,1.30616347556152e-09,1.14363361099202e-09,9.71169247094299e-10,7.99874146442469e-10,6.38950524941367e-10,4.95030274792997e-10,3.71976402856844e-10,2.71092991361054e-10,1.91619919705864e-10,1.31365919462249e-10,8.73463421857132e-11,5.63283461812493e-11,3.52314000435535e-11,2.13724270959159e-11,1.25747486868738e-11,7.17574301922369e-12,3.9715240038867e-12,2.1319205922263e-12,1.10996495585285e-12,5.60496569109573e-13,2.74513246732889e-13,1.30401238620151e-13,6.00799863378629e-14,1.03496791732597e-15,7.74437647512996e-20,2.62574354861435e-25,9.07920366218045e-33,1.14033201652295e-76,0
0,1.07748322603405e-72,8.57879804690365e-29,2.46055686226405e-21,5.64461500326792e-19,5.24842603913522e-18,1.31415002683357e-17,1.82037031797274e-17,2.44564052437469e-17,3.18671759236328e-17,4.0272873045134e-17,4.93627933318858e-17,5.86820019162025e-17,6.76594081166844e-17,7.56605591662415e-17,8.20595211275162e-17,8.63190176375211e-17,8.80647444943417e-17,8.71396374969455e-17,8.3627188782026e-17,7.78390139757133e-17,7.02692362572309e-17,6.15249429998573e-17,5.22462694689803e-17,4.30306029345606e-17,3.43730172469385e-17,2.66302939254078e-17,2.0010242099356e-17,1.45829976432854e-17,1.03076424980129e-17,7.0662657835235e-18,4.69827754848739e-18,3.02974061345534e-18,1.89491750453809e-18,1.14945836719224e-18,6.76260877301076e-19,3.85880969046488e-19,2.13555389742615e-19,1.14626700676639e-19,5.96731724272427e-20,3.01294040212381e-20,1.47543484053696e-20,7.00757262336309e-21,3.22799801751192e-21,5.54100515271368e-23,3.77739834630126e-27,1.41197034247201e-36,2.27720372070045e-55,2.86010670521561e-99,0
0,1.52386981720564e-115,1.21328769633825e-71,3.4799319797522e-64,7.98310194107135e-62,7.42277729770318e-61,1.85858444268802e-60,2.5745248897229e-60,3.45883600668965e-60,4.50693118704606e-60,5.6957374558026e-60,6.98131247274189e-60,8.29931542058581e-60,9.56897772389389e-60,1.07005695939467e-59,1.16055660484846e-59,1.22079808249602e-59,1.24548765910836e-59,1.23240399713234e-59,1.18272791445945e-59,1.1008665483498e-59,9.9380821547159e-60,8.70138869668138e-60,7.38911856609132e-60,6.08575942900653e-60,4.86132890422391e-60,3.76628611495125e-60,2.83002122266245e-60,2.06245344833891e-60,1.45779580672755e-60,9.99372323032992e-61,6.64470979668233e-61,4.2849207879509e-61,2.67995595739327e-61,1.62566327633762e-61,9.56426526425362e-62,5.45746186431734e-62,3.02028472212737e-62,1.62114977849511e-62,8.43949530813701e-63,4.26116047643522e-63,2.08668735131196e-63,9.91071428772832e-64,4.56531352405012e-64,7.83656791407608e-66,5.34232249078316e-70,1.99680436024518e-79,1.5709831110756e-107,5.970894726174e-227,0
0,0,0,0,0,0,0,0,0,0,0,0,0,0,0,0,0,0,0,0,0,0,0,0,0,0,0,0,0,0,0,0,0,0,0,0,0,0,0,0,0,0,0,0,0,0,0,0,0,0
